X0,X1,X2,X3,X4,X5,X6,X7,X8,X9,X10,X11,X12,X13,X14,X15,X16,X17,X18,X19,X20,X21,X22,X23,X24,X25,X26,X27,X28,X29,X30,X31,X32,X33,X34,X35,X36,X37,X38,X39,X40,X41,X42,X43,X44,X45,X46,X47,X48,X49,X50,X51,X52,X53,X54,X55,X56,X57,X58,X59,X60,X61,X62,X63,X64,X65,X66,X67,X68,X69,X70,X71,X72,X73,X74,X75,X76
-148747473.76407447,1702950432.4746075,45139344.13191851,1.0437276666207222,193179456.71705145,-1069695831.6914729,-0.08572853049033419,-458805167.3959879,-12724779.775309332,36004.867487451724,56913543.23221192,6000931540.801559,473155656.3023537,-257925807.3830507,-89407759.52345267,408205825.68624175,471091605.8414952,0.5388708452492177,190651.0429174274,-22272.805880646873,23348.530550987867,78846.74917819284,246212.84721153727,117678.75588664558,1.2495392010799526,-55199.81656435078,-740.7314403283636,11285.597361898284,-369.23876707004575,1062.3589967862586,1.2755973957422428,-26369.008167810724,1.0372989597653302,-25467.515681029636,5509.780380456332,0.745194517848904,0.08180937338771165,-9258.928585727437,899.0342476316013,9128.667415599168,7266.919277855135,-40.810379361982285,2.442217445349731,58.30012350937597,15.607448434949655,-49.4725354646504,-0.12386976407043918,0.025521388561200183,13.188625243654732,-4.29839679085878,-53.362630800386555,0.9024129298442045,33.36782140302941,0.3112238637926678,0.1636708643914651,-1.382840149816418,27.47331298958778,0.09031552632878857,11.509665103780407,5.816364363267836,3.6035185994284777,-7.206433040823374,-0.4510287464125453,4.040042392866021,3.399010185872251,-0.1895309314854207,2.5785491948440185,-3.106682487420358,0.0943157409604875,-0.12969404667499113,2.1845130390745293,1.3979937754588014,5.0,-1.0978596314706262,0.9044683014805522,-0.08301942119309469,-0.15666098848047413
-3310640.665704295,37917218.493675604,585986.4141088111,1.147434590017847,4306603.400961772,-23831417.32230373,-0.08984130460259344,-10227102.467607735,-283000.9832445014,-5229.373203107523,1268098.1747545586,47540106.70434543,10546724.449990097,-5745016.920390622,-1990745.0898978626,9091648.14017118,10493310.561870359,-0.5109747620483048,14701.365183025759,-50.63040384776896,4414.891665639513,1080.8550136141782,14492.978913953193,7252.836301141269,0.9053660952382214,-696.9189833801448,-7.389045054147845,254.23739652801137,-5.403491865759738,-23.200616584796553,1.0516691893763088,-361.9163548506172,0.9239799098021911,-344.328537687717,141.26873472163464,0.9940796686404638,0.06465528866673946,-114.34923417025351,51.47971242081382,18.587180160852235,96.06882718519381,13.55562118918143,2.2911697560907016,3.845393579837462,1.0725211217989568,-10.373899214947613,0.06093420717545017,0.14802457403658398,4.68129775394812,2.4268737702386347,0.6015696998972966,0.03948642161736891,-2.197918070462467,0.7152146890508397,7.710671059775819,-6.318688831974119,-2.2829364597219257,-0.06071645201749787,-0.3298459483631634,-0.5768896680012923,0.001620658746680874,-0.5682331003023711,-1.1444851805352478,-1.19416461768141,3.975697714420276,0.0030922066150816663,-0.247533514933187,1.009660222990672,0.82827831106586,-0.19148682016943613,1.3485511376684907,3.3720603063503054,5.0,-0.12816452887360724,-0.754531789735914,0.8038290331058949,0.7799795067139907
-16064151.964583952,183675624.72974187,2095598.5030188456,1.0626159715114551,20819949.83141594,-115341019.05767982,0.17190033273337224,-49482735.6770022,-1373829.943074702,24646.771205761852,6138223.396463122,20884346.070974644,51020955.42353901,-27818815.55035361,-9648779.155496668,44034740.89868502,50805529.81561266,-0.8948531648861585,-2829.342029151955,-4203.988681753592,-9236.855696527762,16216.302119803686,9321.119303909018,3349.9894685659333,1.0822923460533946,-11146.512627648977,-137.03861623281074,2483.7433249731225,-79.32423333036776,197.0148985368045,0.970224343263205,-5517.444510595959,0.8961926516923427,-5319.864006867489,1357.0745470050372,0.16854695168960132,-0.18915756973372932,-1847.717806846901,436.51142262319735,1372.8371877925083,1434.7763833180463,27.06102860203462,2.863266431053341,-12.495639666633318,-2.4710688517724955,1.7895367546916359,0.18389323281125014,-0.08012778883158646,1.5054716842381262,3.507139147599342,18.818286619395987,0.006601242942846805,-14.370613473881345,1.192262278869432,8.644777833279173,-6.161902043769587,-11.371716674280629,1.042674602994325,-4.521988257175828,-3.076820212165539,-0.01760343123429478,2.7571309068887406,-1.3855515397790756,-2.3630634732149973,3.0773518508348476,0.04282463258507194,-1.3022394632107341,1.8574445152563432,1.0344017147207776,-0.004147305182589434,0.7058438681613514,4.213666425098956,5.0,0.4285384948681142,-0.7438815722782057,1.152051541911373,1.0316119398501171
-3868041658451.823,44356559982178.15,598760030207.7605,0.8412845778205059,5030926811157.628,-27856096521345.55,0.09813110842446114,-11932461341116.037,-331230937087.959,-5805423.106114492,1481530206889.8462,42641529976614.91,12312167188909.506,-6714849763969.882,-2326775185151.5513,10625316964082.807,12265461979473.414,0.20566557646388384,13425333.540446762,-8501.79318616696,4545434.690354742,14918.252082305928,12894468.09450317,6514735.073589673,1.069135386081596,-11362.077428228904,-96.78406704493484,267.77939411530264,-84.69658133253448,53.82990218137242,0.9432163361796981,-6365.033265038518,0.8864496109990998,-6130.807764793018,740.312492725761,-0.9633750184565241,-0.02500619718545712,-1014.214301879524,64.9621109409307,2796.9815769948955,815.6754095912188,-8.827313346984996,2.2811744384813344,33.37767937412042,8.925257443287345,-30.44266765605362,0.11759235698681042,-0.09717137047442864,3.6126038954886304,4.955617186931153,-28.635172557624045,0.9912937104365075,22.690566313661794,-0.11103577334470076,9.867449103182857,-8.765198741598264,12.693803703150852,0.687648336622412,8.418985058405124,0.022696670317874278,3.4046778912325495,-1.9503972577798625,-1.3301586935364507,-2.9058618439040873,5.0175736504558826,0.037530379539111175,-1.327954407266898,2.347552981442344,0.8430136861188899,-0.01833885921809625,1.9641076377818911,4.203998041630935,5.0,0.40357108062436065,-1.0470836299718638,-2.0294594973313527,-2.185006033641557
-155818138.72346458,1786455759.14243,26118174.185173046,1.0754946623910586,202657331.04234013,-1122027718.6734192,0.05982146530740985,-480775885.6148223,-13340020.951207021,-28073.303894590845,59678775.26558362,2019719746.8570285,496024506.14139813,-270476285.4145976,-93723691.48862283,427999434.58654946,494052873.6569329,-0.8839675819616499,96069.13217350068,-2547.3986148299896,27745.440450909726,8668.63260371493,99776.45943179457,49551.9749142995,1.0969506067728991,-6442.8189693252225,-91.37856876795269,1298.401846168587,-37.40949984821248,103.38204344205921,1.025714782829122,-2821.895851659261,0.9324541769738145,-2711.629781726978,369.61600325347445,-0.9179430874627692,-0.06420135411023913,-1235.938417697947,1.5858497036080055,1395.7953350870362,992.8686294880638,-8.25401952739839,3.1419281445128524,29.803825787981438,6.136965058485415,-32.053931800308135,0.005058222338317774,0.025303758751771543,13.510883061902367,-1.9732352277369554,-22.70162520976167,0.9156607179231294,10.97274337737614,0.6600290242764802,6.292959403726291,-5.54213768250421,9.670540550301759,-0.10243827758872,3.0576758000079898,-1.3450613097059139,6.175733287831804,1.8145126130785951,-1.3377052646161829,1.3243506932542155,2.7774190177319396,-0.1665878447395467,-0.06982586525905918,-1.3334149195674219,0.9166511557396924,-0.16175571691821436,0.9256338065938272,4.5031424877160005,5.0,0.49532124818026535,0.9043434396418774,1.4275098300847107,1.6590626905210029
-5809591509.1294155,66620643004.6817,910250880.0916106,1.0410134717149582,7556353814.130077,-41838707957.593155,-0.2118399606048548,-17922594921.008724,-497478911.95438546,-225494.99138336838,2225208894.899306,65659665331.28861,18492756306.44815,-10085414858.94132,-3494693008.5506477,15958770696.856958,18422193103.584526,-1.006113956980057,527647.1702609631,12.19713689526807,176670.9525642947,3512.352288015691,506788.3959510826,255794.21342669992,1.0788987273638904,-2040.9917652363572,-26.93585279026272,858.3749875871573,-13.88044493407025,49.56517321227716,1.0739835400369961,-904.2693314378664,1.063660021916742,-874.3296146106444,411.96210698153976,0.8025104477995098,-0.15947685699568315,-393.77898997823576,10.145630529627569,132.50755425018164,306.0385101307255,-14.40308087400698,2.031599543473944,11.983591673057537,10.79897805735497,-9.86778009849943,1.151380410469691,0.03542939645693662,-1.2627461133406095,-0.6436234489087626,-3.5903919859619737,1.1040654473931952,6.1586414838418815,1.2714360091352863,-3.346592703383806,2.465445208343936,3.7142911394319116,-0.0612576658375513,1.1176065726832938,2.1788445960074823,0.6123905625427548,-2.5066690723013805,-0.6737504788250521,1.2099107999307646,0.2626558893438264,0.02241683472965332,1.0229462181306352,-0.811511311413222,0.020627194767857245,-0.19453383676236807,-0.6970832660618896,2.4658935183284663,5.0,-0.5761975651717421,-0.1381992106573655,-0.4180939028450311,-0.4082537009479262
-135875749523.20372,1558145527754.8477,21165295616.009094,0.8673898961438458,176726013189.37827,-978524371321.2859,-0.00490196943092526,-419163757628.5455,-11635360768.02488,-1073877.3647596363,52042999654.6715,1517435101571.69,432501384675.3613,-235878093322.1344,-81734463952.01582,373244334204.01074,430859039138.78564,-0.3055275495415349,2539274.3961003046,-6575.94216574101,852090.6697910279,19160.131351766675,2451942.1730964202,1237656.6767619834,1.1053320776291544,-13277.942197446124,-145.84233862690294,2183.842096856053,-102.03043333250223,190.41373097213022,1.1208562104816595,-7135.72854387918,1.031939765078976,-6885.701176677083,1665.463237065689,0.9814252555858934,-0.24969008852106547,-1741.4271218290055,581.4572004726524,1732.2775094267247,1356.776559032433,27.19563793004689,2.524377775306511,-14.425429715290615,-5.020970533986227,-3.3398241328088534,-0.030492468731665747,-0.01329150424134691,6.186376199641168,1.0284839028999053,21.02087738417748,0.0661084607437797,-16.86944055395463,1.0616116935740767,9.178738103841582,-5.745789896010522,-12.627972304740425,1.0592302726780292,-6.195926450263707,-3.618996401190919,0.24565170681289109,3.58976206095003,-1.4420754147237156,-1.1462125281762954,2.6354559205401302,0.0006046832469052245,-1.2688883222162897,0.7335093841990125,1.0835938961913656,-0.22406743748926006,0.21288551904836925,4.5848438670100276,5.0,0.644877061676965,-0.19201233775455878,1.1804274701821473,1.3343123276181734
-47975762757.43174,550158146531.6022,7482700288.04063,1.03713423040227,62399624390.78091,-345503306102.80035,0.007605159211450753,-148001488303.06345,-4108263424.0837235,-648282.0608100703,18375669387.000595,537189833989.7827,152710664668.16245,-83285245231.22401,-28859264086.906734,131787336395.96733,152130281509.84055,-0.14286607072387686,1508634.2930842487,-275.49958818961215,507537.94742709363,6374.367840153293,1448966.7406842525,731441.975947352,1.0701017782737856,-4164.902586024014,-56.908692731622175,1610.7326327510236,-26.531307927988962,76.64153630370281,1.0435279586497712,-1789.317115755744,0.8552819924397796,-1712.5201679263198,615.7546460113014,0.9876173367711145,-0.2285452887018162,-973.7782223842663,233.48383637461947,232.19083256812888,753.212450301773,19.166885919640954,1.2508366814541543,-2.895193369741074,0.581633783137891,2.350609693105314,1.0541959404540147,0.15117225808902704,-3.210423109689074,6.53779984180636,8.22485633667445,0.06431439482400829,-3.672231364171544,-0.07238309997386666,9.34666385804919,-7.1100956793977685,-5.640879732217649,1.1474386049723195,-1.0244763203262244,-4.75695071379039,4.263465999941716,4.588809243999283,-1.5709138112453194,-4.122738116703341,1.899787868955334,-0.162485077899478,-2.229840049912115,3.1717978603168167,0.9898090958328052,-0.18753235597580892,-0.6997323059889161,4.767874431841076,5.0,0.7056009186314511,-1.3168669163412485,0.40534971990657787,0.4646575474775942
-856716250601.3228,9824340492305.201,135109263359.94765,0.8769866095742015,1114279517140.97,-6169729682494.384,-0.07847836173553029,-2642874924705.3076,-73362849792.14189,-2625669.4718146995,328138002938.93024,9815672681548.41,2726973117655.296,-1487243853488.3533,-515347544045.0838,2353356918122.091,2716625559351.0913,0.8818214618594739,6490109.908051476,-38201.323349122526,2135367.4756379733,129072.1496430201,6328726.465029109,3187708.653798562,0.9504405911532443,-89490.12104699606,-1125.2553136276927,17575.637918842564,-629.7843703374027,1625.205944183971,1.0536264267530933,-44623.92381600527,0.927650094406864,-43104.06957125293,9989.843176388958,-1.0118283034176165,0.0051800407169024405,-13892.034905020328,2305.960514991283,13517.955040459896,10878.049597675812,-55.88010448647648,2.000459227659291,66.39005080106648,20.972951525823383,-48.69033275118309,-0.18096752467931299,0.0035360703207075353,6.9610833307861695,-3.587104686190667,-63.23424963054125,0.8319879052911775,43.42505560022792,0.007929470692631868,-4.937452768916464,1.9948256719341935,34.2465277480524,0.02350841341930033,15.646452114698066,10.98639813744105,-0.10229767957711317,-14.067626160522847,0.3561132838201832,4.834611368196217,3.963587049828556,-0.055457857050032894,4.349106129434343,-3.169019733216864,-0.22207884420504223,-0.08504653195349374,3.034455668503586,-0.8121715047950364,5.0,-2.442783558636487,0.10831323379426616,-1.351222791607072,-1.5973924118874185
-8242569469.303721,94520294164.09271,1301498751.9746635,0.8640507162938299,10720777796.521032,-59359934816.81836,0.023182977919671905,-25428162625.091053,-705818367.9591892,-258193.71469567626,3157083158.078357,94675407988.03668,26237097199.605103,-14308999527.826038,-4958213361.125277,22642016589.232864,26137061573.15655,-0.8898172088534315,637697.0387894255,-3907.7479689395936,210286.72680158302,12874.969008012917,621789.2255970102,313336.1539147484,0.9869182714835709,-8749.72061658819,-91.98812440931749,1695.2650744194798,-68.81834087974855,108.59317992766691,1.0244705723897074,-4752.164025838214,0.8290141118907095,-4577.607663817837,1248.578875840758,-0.8223983998257413,-0.18201814366377547,-1165.2771588969683,486.820929999702,901.975690426892,918.0537879507558,25.484108678695335,0.9430868234854635,-7.469678793326958,-3.5663279527003575,-14.388923905115297,-0.04231646559822678,-0.11956980110400428,9.303840388120635,1.3714018482587265,15.04934555416689,0.2582244218719947,-11.085360947854438,0.3500454761385639,12.20068737134019,-8.1696151633955,-10.425644514072967,0.8807997089867698,-4.402770830975091,-3.973490927646889,0.2766727055601253,3.6999503993315073,-1.894872151669655,-2.0406387294771964,3.6300835576541663,-0.05732653154681329,-2.1367428665227357,1.1598961928790306,0.9098651528645447,-0.2810645723745383,0.641133728687929,5.424129827712086,5.0,1.1299343208821377,-0.0908635313830041,-0.09263421437510211,0.1076998313824021
-59270145027.2671,679675825827.2393,9226892288.097446,0.8452442958582673,77089594937.325,-426841092242.9718,0.049876581205898676,-182843530726.8631,-5075429375.99061,-721723.8071188348,22701632701.4124,661086463989.7789,188661390390.50323,-102892115221.10892,-35653269951.56261,162812482644.62494,187944533980.72443,0.8092783977164411,1672390.1952484702,225.02847978863528,563734.4729337648,4783.550899574683,1604605.0194451786,810280.5265223745,1.0892201819563483,-2906.0754469367744,-43.501966687510425,1334.4039589754914,-17.635437233920552,87.16344912847848,1.0614439166817309,-1144.3264703449202,0.7704298831439299,-1106.4617244550564,499.15937785474375,-0.11029373590701858,0.09302595492556416,-707.6436458364223,59.16414429435383,180.04810921087403,556.9999256428584,-14.483996758114836,-0.04213455535712367,17.896015412149673,10.1716074479178,-12.772070689422042,0.8908552380804556,0.03292807133767513,2.653030316835664,-2.888750012851588,-6.9090709169634135,1.0735334846539564,4.708111314246811,-0.17815642551933608,-4.510797356631096,3.2884435995685983,5.663366608319346,0.10303922948621365,0.8690067001461593,2.6989960443951504,1.0709112959144826,-2.7833149047233965,-0.5367187145841139,2.804383845584355,0.14057981951495407,0.004237757737170729,1.9963775455931696,-2.1670443299531477,-0.06782874547823337,-0.08978607457953389,-0.226287027222592,1.5301161059510673,5.0,-0.9672957045297452,0.409045470058222,1.0794354280350897,1.1497668863948731
-18970804.804527815,217516376.65663496,2897868.5299865147,0.9867717381506467,24684319.71016407,-136640720.00813922,0.0978085953198227,-58564136.521486275,-1623856.923834141,-12299.078231159017,7268072.726328572,203126837.95852563,60416792.026480936,-32937272.33071422,-11411552.92151857,52119031.90898397,60163808.51182141,0.9392394031415546,29491.69641016167,-230.5285659280383,10021.378593423897,182.08679121804406,28806.3054642008,14565.997846294676,1.0038553759712296,-198.7418906805893,-0.7779445047021816,-25.727125352007207,-1.9894524560157991,-13.278917636919582,1.0859037668325382,-154.57938634958415,0.9952639155581141,-144.94647589743713,6.257557411050258,-0.9981681889493073,-0.04117524314237678,0.45564792964394085,39.43206822556448,48.6587336301415,4.059693097099361,4.660246272532998,1.7710847737542421,6.411298471547492,4.889119610643028,-11.532378326179268,0.06640322432835541,0.23245671649272584,4.414249110904849,-0.6983958076600303,2.823899447562536,0.009532528517466273,-2.7243276142232347,0.01031950526469542,2.756408844809279,-2.0934251077621915,-1.7761178547050775,0.05781283598414157,-1.3281398658584807,0.10679778044955582,0.21354438315608198,-0.46649674070108327,-0.9159194949033898,0.47671186358877965,2.253609328714749,-0.04571891813128391,0.18838606214243667,-0.4376392719808974,0.9075999944674321,-0.03166082410775509,0.7914847932557192,3.1714065895109638,5.0,-0.14895068899653122,0.12592442033318138,0.6303083709991375,0.6793153931471855
-3066.520692933776,28983.68021338389,404.7746935908898,0.8873318152853551,3070.92837721129,-18009.9088119095,0.0407313364164012,-8641.793760399498,-251.53086075900504,332.885649486348,1049.9904193560799,25567.050791953134,8280.948693486278,-4445.979248814267,-1648.6560093717565,7298.08321859814,8153.771638245679,0.9741121140261731,-120.84966565947114,-39.53311167018148,-120.4180284828474,189.75100076102527,86.58878380223771,44.32803693083445,0.9408795333920968,-170.3231496333738,-2.2819862377568154,55.93159128307745,-0.9050210385982064,-22.806514979041417,1.001776261527357,-95.52746286505563,1.004595673843316,-85.96379351093624,8.624891067592442,-0.36362487569373997,0.11001001947904039,-24.15418426560933,12.587095893944257,54.97542520787169,26.82663150124903,0.9648135467714162,2.753649958500054,10.733231780731678,3.5239552184392275,-16.214037748038493,0.18365005128425269,0.3659297674852034,4.156196679038214,0.9215882454976844,-4.151662996604833,1.0454734213861634,3.879154780763899,0.43675640087650414,4.769066997459425,-3.7576469055187505,1.2451597052882444,-0.08698489292343206,0.905498216406484,0.17199232891018776,0.5584303257157605,-1.1024989737595017,-1.034587623202491,-0.3281091024379129,2.6929406512007383,-0.06461256062992175,-0.06166912347498393,0.312485012808828,1.004087461774931,-0.25772800838489085,0.5555141799545396,3.3929975720650756,5.0,-0.025639277914335058,-0.29726552697164293,-0.44654896240594866,-0.2622996245113412
-948712431876.1592,10879306065551.11,146800115711.94595,0.84751543604234,1233933863993.7205,-6832252080696.664,0.06788125692228063,-2926672794319.9224,-81240752127.98636,-2880545.8709056918,363374311777.83606,10450139261426.646,3019802146209.5044,-1646948037705.2993,-570686881935.2999,2606066486546.634,3008344080667.4023,0.8278294615289533,6645517.428782832,-3280.1428302520317,2253098.146850403,3117.5926560884836,6379444.177516417,3223530.5288053746,0.9588737099625961,-2776.948462158162,-9.701477990480134,-331.98431604655156,-30.524363359184367,-80.1239676228045,0.9298092161061116,-2283.500253649701,0.9705996627881985,-2180.75130682646,315.47339163382225,0.986020193689283,0.15915585124752984,29.627166370239287,624.1684325700083,254.69490704579664,9.82854857394465,16.629900876577558,4.806929490666407,15.269177381591778,-0.5755764489900926,-34.64993908953284,0.05358200645430238,0.010867562280895192,17.695594959784458,2.435129778139961,-10.687316159589932,0.19634054514953667,3.3748351660254894,1.9831538717790278,19.43179768911792,-14.645073834082527,0.37923235977177006,0.8775729101377969,0.2694620209977388,-8.396549559398393,8.755690937541956,9.007365550831512,-2.6433402649589586,-2.852446805045808,4.402256033834269,-0.011069513401899288,-4.194974989617631,1.496166883193514,0.9606996282875045,-0.14175534000488835,1.0755294486398383,7.740259768886748,5.0,2.4472305731504855,0.5201021968191495,0.5281868868086855,0.5789957634329094
-2249633.554176248,25750835.067379724,352651.80375091685,0.9856710329648728,2924923.2514593066,-16186268.842278965,-0.08965931732482173,-6952002.093481289,-192304.63781116065,-2792.8577953133517,861437.2656131678,25357813.481592182,7165727.614911578,-3902591.394223861,-1352176.260790907,6176513.2278413065,7128189.370236336,-0.7486080949655756,10996.734262381364,-492.79708499403125,3220.8848293588017,1108.220961299979,11910.359927075307,5944.494878092277,0.946331454594031,-904.1742053205418,-9.803557281812042,112.35035749588732,-5.344860073112296,-19.258043211031545,0.7671555527822945,-447.1436887078624,1.0615806632687839,-427.1500559058842,30.031726607467608,0.39698342374196727,0.13077208074111077,-131.30318103035538,2.559163297794189,256.6167546171352,118.39558903213258,0.21978662551824452,0.8846460562003357,13.84182163127691,3.1369249809663486,-21.101845499520735,0.003144522608799976,0.14220166400247797,6.797772001546187,0.80092406039603,-9.177245991861318,1.1874954882101163,6.24590218454092,0.5736676222531246,6.090844640041106,-4.638256214316095,3.487150877327091,0.1620182509663438,2.1369270920240035,0.7853449384268699,-0.06665941985294355,-2.098590969200354,-1.0271796717467447,-0.1877725045137298,3.541576167293081,0.011889239656303775,0.08569885065302818,0.2900592388804999,-0.029068849305631746,-0.16590171930255024,1.2257156986343416,3.0222470561648356,5.0,-0.2786404500824432,-0.42770873243908997,-0.2382698787615345,-0.19317321125984033
-359420272714.1599,4121629246102.27,56058077184.115746,1.186193435584197,467477037887.6697,-2588403461279.9395,0.014069725903973138,-1108773812782.492,-30778068991.946266,-1752411.6552687325,137664650534.62982,4024516634406.632,1144055441922.5737,-623947391025.5361,-216205053386.81042,987310096869.5162,1139713199305.7097,0.9112790633047505,4133892.330658205,-7010.1455528903325,1384356.6330149716,29882.75851569142,3986352.130327447,2011362.9801782272,0.8783851519356334,-21010.352180558773,-305.32763622291884,4922.33904052048,-127.85622627985967,441.0263322824752,0.9332655963983315,-9242.639383390397,0.9102934060197767,-8915.871771495622,1820.05218473503,0.9697039232756399,0.05161767716050852,-4016.6241574742085,17.152262201047893,3814.1887025946307,3171.168664977541,-25.516201050472077,3.4259963883004985,43.568655853460555,11.178287911353024,-44.809074494883255,0.05304528377597471,0.026524054252214387,16.03723425827434,-4.2301969665904515,-34.33315797335079,1.1106553125733885,21.212731061064027,0.36758930589040373,4.573771670728446,-3.79317856012806,16.773310766311422,0.062327171532921256,5.431821074796185,-1.0700076021024707,8.403553010726059,1.6239063713738213,-1.5656255912898642,2.631203149083312,1.5744762280703377,0.1273604177143976,-0.2617428474612359,-2.588039988787433,0.9548402932287874,-0.2449291288393727,0.298031138667122,4.677290242129081,5.0,0.7340407660421305,1.651095676887782,0.36483324486002383,0.4711617054989506
-15188942113683.898,174178400159479.9,2351462612992.075,1.1910574259753366,19755324780029.023,-109384694758407.31,0.11180483833277098,-46856094397491.25,-1300671102975.8633,-11517510.527072394,5817638990887.8545,167483180581803.6,48347122116223.91,-26367722113293.945,-9136730157522.307,41723257357260.61,48163742233514.086,-0.857256331445557,26603930.07221415,-12550.543106486717,9009604.669257807,22969.81998138006,25542042.473550748,12904839.210963149,0.9086469666080113,-17463.765225370982,-161.65103870525118,746.3167642929867,-130.02852301363512,144.98081650847192,0.78338552725084,-9666.306501789559,1.0457039620252004,-9322.88832481371,1184.4027594680474,-1.1216341386749051,-0.1576312157920382,-1777.1251894941765,289.14107574898617,4003.969691153775,1408.7915765675048,-13.500192818261606,2.9056081529890867,33.129632843291894,7.918842425539948,-25.304843615419284,0.023224603153630324,0.2871790689595004,2.1288773467739195,5.144173191927947,-34.44157145928565,1.0282904724888136,24.763100720568577,1.0052717378768667,7.121875142876429,-7.204332306245536,16.074115095558298,0.09626694969412834,9.747307114105071,2.2747684477754406,2.4139925559596813,-4.468504290692305,-0.8889583897278144,-1.6639928129495358,4.716196033504982,0.04884785608203609,0.25646917219820486,1.6890654990673486,0.08327297883690248,-0.24864602579211015,1.802290324713392,2.229949509767426,5.0,-0.765494797014481,-1.5592412724728422,-0.7093856588058507,-0.5949791117772469
-55249318517.83148,633566139189.8372,8748862464.01279,1.0026482044463532,71859803809.71274,-397884015635.10986,0.02934561172877961,-170439615993.36023,-4731111424.029766,-665327.0926854854,21161553621.811142,638436557224.724,175862687304.99368,-95911900413.77985,-33234560046.156498,151767292745.60995,175194335654.68857,-0.5520130334514092,1656483.887156697,-9421.137192059412,541549.7746247157,36835.559048285395,1616572.2723704476,813514.7589177521,1.0530426833740663,-25737.646317143975,-358.51701423267684,5726.674651428839,-166.64141711968847,514.352575522204,0.8914052862459663,-11922.381138270963,1.0086515832603808,-11509.75320796576,2506.545412812085,-0.9758945272369254,0.1837830046721022,-4586.048363706945,325.2808715307736,4295.601804909439,3607.798063652113,-28.520141571775657,1.974803223900086,40.88214188780613,11.084833127008404,-34.587142845069415,-0.10018343884878989,-0.0810384293429964,10.241133251985723,-3.2128028973092126,-36.854757211694725,0.9631298555264997,21.93273680396564,0.5379864695087061,0.2648495773811161,-0.9308097747268791,18.912750398511893,-0.06797823009296591,6.971159350355113,3.1415019743100028,4.338384783051787,-3.674775581828379,-0.5945381721401425,3.422981596632795,2.0338985501689977,-0.0496994159869742,1.781193372247745,-2.6765915194941874,0.04778135821836251,-0.24449408230192812,0.8996886400265879,1.9864389161582294,5.0,-0.784668862497682,0.6896774635286079,0.9053115800330882,0.9389870541090032
-4452810929.053129,51061957256.736916,688740351.9653983,1.0194469313123018,5791657063.181431,-32067703206.47669,-0.03935874615128793,-13737012758.893824,-381296128.01014656,-195150.85855156925,1705535409.4157588,49004121948.5502,14173998149.63782,-7730066962.515022,-2678537705.295527,12231759121.25646,14119874889.334806,-1.0297703764990351,455808.0582105652,-1085.8673805386934,154271.64852957247,1403.7063207558076,439489.1833973464,222020.52268928944,0.9807600648249757,-1181.5856288359223,-9.542036340537138,-14.34291747390034,-10.763189849731106,-7.072646054951534,0.9533617844495604,-796.4482283070662,1.0295251948625626,-765.7726355653998,102.85341675068454,0.7076961179372327,-0.23674556819056103,-82.68322672089337,172.10321579448492,166.4733623199095,73.71478548603002,8.908703333897744,1.8806155881138065,4.033342525533843,3.333125399763949,-19.2085382765736,-0.014974188657098758,-0.10707446051890789,7.575037179620445,-1.1366497719072857,6.723012495032425,0.00994087752278583,-3.7970254708727125,0.19786993839367964,6.597300395181506,-4.144434598911358,-4.314566002191421,1.053108033529512,-2.2090823096668912,-1.1648084814717994,-0.037898160477973716,0.7310651277551561,-1.4706652296661835,-0.22993461060154075,2.974012775815588,-0.05429360446504741,-0.8872070933786891,-0.01815940626073706,1.258149306237593,-0.0950474146362503,0.9068997760848228,4.806320152837008,5.0,0.7394400499913849,0.5073846521099842,-0.7859108212940777,-0.7045802021972437
-21627409670801.78,248011198462813.44,3349902000128.117,1.0073132934059201,28129442437261.062,-155751963430710.6,0.058963225396322816,-66717999559949.87,-1852014854143.8352,-13735172.492240537,8283687978254.985,238725593473462.7,68841063288874.92,-37544781925420.766,-13009714988110.678,59409401847618.01,68579955104335.65,0.7462470860460836,31766270.5702337,-17362.60418469779,10750868.894470872,40524.06563672121,30505553.86370818,15411837.02580898,0.9423007608125594,-28871.905754535972,-316.46922184941013,2912.5240043308713,-215.38990350592422,328.2577241115651,0.9963733341684587,-15606.342181305477,1.0949082258120924,-15055.747410623331,2825.489504118669,-0.841405165602904,-0.05391610599309759,-3157.3721148171035,306.5593823574484,5666.474937083687,2475.8004642563383,-29.922768802382077,3.5346743678711894,39.27311563883303,16.840399475523142,-20.285962289757066,0.9118153020844995,0.001258075225806361,-5.380381596245815,5.882398322437375,-37.19637586539321,0.8727376460585041,31.995496279469872,1.3701352185486264,1.6553567427778693,-3.436945670962034,19.890170528948012,0.006325373894196195,11.20096794259051,0.5123506510637437,7.029823482750374,-1.7242169300540866,-0.9671456712498699,-2.162594243177281,1.5653014553986606,-0.25640589261691804,-0.2363810091196991,1.9554034894843189,0.04357665263095279,-0.06796993200952,-0.2646127343051647,2.8018127348747326,5.0,-0.41303321113055563,-1.2627997588924136,-1.4449744577761647,-1.4424275752247093
-575834.714083517,6231165.383505539,122208.07630338587,0.8985530191628189,704862.0115202299,-3925941.3228516765,-0.016083392727183756,-1746290.839708379,-47782.00042910963,10524.927269280852,211992.47202238967,12572632.989890188,1772416.1845686934,-956047.0211695464,-336494.71832962683,1523225.8622206121,1740171.863643102,0.7107505537757344,11762.471569348481,-2831.2399610125753,-1440.1092952237225,11028.515897781941,19227.34807036645,8900.395290382441,1.1982803229946302,-7431.97834008027,-83.9670057228603,1651.5889168412707,-55.69598752928464,102.84838269157066,1.136205119211028,-3841.019816120792,1.0044136436006095,-3703.0855138302045,1044.6642018359128,1.0173605297334838,-0.12947714876262054,-1117.0527969872592,338.95220237391504,780.4413358711392,873.5453455797253,24.349692659965346,2.119784492013678,-7.694812186217388,-3.536804541653089,-7.023508054970199,-0.04430098213900476,0.04877842629273277,5.47793606136836,2.4246221193116098,13.461836042447894,0.057013395810271573,-10.8103168334112,0.6471624761831185,10.305151053366997,-7.042313184401884,-9.10444758164741,1.0031797783952034,-3.7547337420936455,-2.7920655431993855,0.044939706506903515,2.0557529251284294,-1.3501243693715197,-1.71533082126557,3.4990380465191464,-0.03848730769964261,-1.367830052545801,1.3928563902116937,1.0963778478553776,-0.17223634812886734,0.8657754693047448,4.4814461391057225,5.0,0.47690798399570206,-0.5156849712990156,0.5461893749062019,0.4540723897329215
-86986541.05534767,997405240.8282886,13824052.902878117,1.0572246376639864,113154916.2605556,-626462277.9466166,0.08799598911942608,-268425837.25837493,-7447188.979596809,-26641.547668061317,33320105.672661014,1012133993.0021875,276944953.2604188,-151011230.19966152,-52325073.09449001,238955718.53370813,275839203.7694929,-0.9201536607982544,66119.75202597625,-210.33550324958622,21478.471788918472,1509.481384836794,64398.45666166517,32384.525214736543,1.0896664132753742,-1122.3284713876592,-19.481390315719867,350.2991420881401,-5.546070873765861,-2.7005211248542733,1.0035128743306876,-450.8346418385299,1.0854321110209038,-427.8368914908971,71.42282509434999,-0.847495347644287,-0.131332553016002,-251.7445113840232,3.5340472913351335,243.1642458452647,217.61827116532,-0.540656848046515,1.8765043803621395,20.22881836612162,5.217006708797664,-27.39319333110345,-0.015148636013371259,-0.0748951365402453,10.682815273426801,-1.2059574988405586,-10.013088843681016,1.016171469039338,5.436604102548577,0.009425399644956131,6.101728635814922,-5.031560572323073,3.6386722189109784,0.025148126325608745,1.4810325760305563,0.41730431930031353,0.8077832026223076,-1.0814934589584833,-1.2013803591664578,0.3132981787270662,3.81928449420924,-0.030720721382058815,-0.11520179671073325,-0.46108828461426576,0.9734404414223141,-0.147737935767224,1.5967341720748318,3.7595346156340614,5.0,0.23082777830716744,0.2533635702260256,-0.053299268461821404,-0.05943543126263634
-3419221224.2157016,39208880015.91706,547845183.8697199,1.070414600911477,4447254540.181027,-24623876290.01351,-0.15238611218339204,-10548403825.15842,-292786240.00516135,-158826.76155276358,1309637135.7513695,40483319396.274994,10883900634.535065,-5935709960.540152,-2056780912.787065,9392451477.221197,10842263250.035854,0.10758078392907103,419796.5261908239,-4853.22598417709,134763.10762841583,15564.324357424744,415589.59659807093,208799.30727023186,0.8959247408688982,-10821.348944200785,-128.39711458759416,2002.5269473371106,-79.07942094897297,179.71474726071128,1.0468765953132138,-5537.503818652273,1.068730100681926,-5340.522356347597,1259.6071672731578,-0.09327256021064209,-0.043150562895242085,-1614.5610063100805,393.5546971885674,1485.2527314250062,1249.8154300649394,23.658416534510003,3.1284395907894846,-14.635467083483976,-3.0005168454101354,4.499181872936402,-0.010297333261023743,-0.11002156988559851,0.9302721449994522,2.407556916974301,20.072140386832235,-0.027069117230141534,-15.44108820769858,1.6209625173085045,6.303315111552616,-4.074644467269815,-11.269856275239865,1.0638989164438524,-5.137124724895288,-2.5879993677618858,0.08067278591884935,2.664314325668935,-1.3815042261358457,-1.6663057003669985,2.1152398995711033,-0.06324014128123796,-0.7121950697629138,1.254179622684836,0.9559837327283158,-0.15469724943954005,0.029297250196867772,3.780737954493871,5.0,0.1622501422037754,-0.6047906065021793,1.6418190044568095,1.875990605688677
-38383354502.31912,440158017566.7783,5933882367.846313,0.9144470772551346,49923335965.031845,-276422602648.30707,0.038186413240883094,-118409870973.87158,-3286843391.9918227,-577070.6656006103,14701600073.006165,421985277450.3614,122177441055.84038,-66633000842.203224,-23089064578.799126,105437469660.3524,121713003939.38301,0.7783326586711853,1335891.1207217253,-1578.619287925137,452968.70002624346,1293.1693569629517,1284292.4653894564,648939.3940107819,0.8654362345822019,-1226.659945180585,-5.2445431849316115,-217.56415676233692,-12.71989039022326,-2.8468188542621693,1.2027897941972463,-950.0261295504845,1.1408873603547063,-911.7391534378238,71.16899436721607,-0.46054265503411396,-0.1950614962557082,-11.735350356339284,239.57701856702622,195.8089617993482,17.034439130798827,3.8195024410501976,1.510563419144987,2.514985773803064,3.4048517952537156,-17.163903256609565,0.015618877140075893,-0.1331687618386834,8.432153987243863,-2.7820423122588855,7.849481344159017,0.04023358190856751,-5.306114172773958,0.3207699992625851,4.17311188667324,-1.7444027665784227,-4.143843911480663,0.9152224026946997,-3.6696341333740623,-2.460606125567576,2.5200835338064613,3.0551743081575236,-1.419633269743524,1.0553081464322425,0.8357372432503718,-0.12566481101066915,-0.9473528862568501,-1.3313985638553396,0.907915887192897,-0.20444448214876226,-0.5512741172247952,4.906861091950157,5.0,0.78303544996201,1.0467926774901806,-0.05593169080419397,0.19767178975462404
-154196900.12388414,1767884986.1037064,26390968.091349628,1.1582661275351442,200552262.8557675,-1110366102.1107075,-0.02758560222659752,-475775601.8841359,-13201129.988322772,-30195.06435923966,59058863.95045747,2081627730.48323,490867610.7687022,-267664085.66376063,-92748790.95934318,423548957.8901194,488915697.0150401,0.9952739963255096,97169.01680465066,-1991.69983187898,28472.14618873679,8320.26650142076,99227.0874844982,49428.31548759033,0.9176674698525008,-5749.115867117532,-78.31947742570036,1367.1416642054999,-37.813586676495476,95.51088198015105,1.0249646087532587,-2720.9578727896537,1.180251839171933,-2627.8545273174946,623.9832987212542,0.48275611091029214,-0.16816581008104847,-1003.371120556236,115.03143894388239,901.3762974197125,798.0350294214714,-12.456080005045488,0.7535008194246305,23.052317202848183,8.403417428957644,-22.070427490103135,0.07143228081847641,-0.16080771449895892,4.95638711342219,-0.5044989885108041,-16.445335828616933,1.0680079283557167,11.542610915239012,0.33466517455533434,1.1436083758411817,-1.4570583318083574,8.601481384163256,-0.07186148844885798,3.9040489514025425,2.978852352077289,0.0703962146425122,-4.506648052243735,-0.5913082601459242,1.3716604948768563,2.880308422661926,-0.037202419982875316,1.356060444820668,-0.708968578218542,-0.07959661135408848,-0.010328735066141237,1.43166259555847,1.9872241312039536,5.0,-0.816934275766658,-0.18822995861304573,-0.10856131715017413,-0.15422531485914198
-53525672710.836655,613801499843.4832,8323426815.925247,1.025133201176171,69618090941.60349,-385471665800.0828,-0.12338150088193488,-165122415369.80103,-4583516160.27257,-686388.083291084,20501392384.554108,595653199700.3784,170376389453.8318,-92919811306.53352,-32197750751.550983,147032695769.439,169728950262.74838,-0.2014852700985974,1587012.8677980055,434.6437624570822,535525.655098661,3312.902894048247,1522109.3819886886,768676.536306777,1.155701076972232,-2046.765604406357,-38.09443042011682,1070.6978699731164,-10.093163564063603,69.42893954016823,0.9208289788708213,-660.8439377762201,1.1953895564058155,-635.8129610703774,295.2919068560075,-1.0610789210368123,0.05374637251902847,-602.2431705326437,4.532980947519952,176.6588140426361,481.67433587561885,-12.383670146219686,3.6156785734773775,14.976369723829407,6.80757217725079,-22.31463463521682,0.13984559968196683,0.007686392421347838,7.7365839775623275,-4.001579331214754,-6.457905320841715,1.0197468578776079,4.452530003990079,1.3393619380957817,0.038087022681666305,0.7646025646980479,4.043729798202884,-0.06641662935923082,0.018247766815839155,1.2337707852469717,1.27174280572608,-1.2570221829795267,-1.0169822008399416,2.6120102353679244,1.0809289407720872,-0.06976357200729882,0.7339359095336155,-2.273876112274818,0.8932641385198048,-0.2076563216518404,-0.048834992668151236,3.0473871454594583,5.0,-0.15523813815384532,0.9402596175389762,0.11473357646425487,0.033366847504612863
-13977737435016.957,160288975860392.38,2163466829824.059,0.9470421651688522,18179985907264.207,-100662085094902.12,0.029330115949706692,-43119673058661.26,-1196952125439.9023,-11051545.59656556,5353725901189.018,154056083623438.5,44491802213074.73,-24265093844365.98,-8408144333056.593,38396140206226.4,44323044676658.47,-0.07906543526994583,25513416.071663387,-11046.490779234018,8642587.561875677,17542.378436193547,24492174.38382019,12374791.352165347,0.8693689812991846,-13767.338879298819,-106.67267097019926,-66.03233435899404,-102.7758426790657,62.50181436071308,0.9026880383332401,-7760.460527114312,1.0387321319294185,-7480.4136901325,701.9301424183366,1.0992390476535705,0.10881485138529728,-1193.096526422822,92.83933067426322,3596.4397496057977,958.653177761879,-7.4198920466982,2.6386899626541385,34.87813619906065,6.138749941023713,-31.507488828753143,-0.04520468595691458,-0.0931607213530423,4.9505420083494105,5.532576975465119,-33.49639282983199,1.0692260429849614,23.86987242174048,0.24658108732177536,11.943599931013603,-10.225925916859838,14.510241921494227,0.9044604318045238,9.26323350234898,-0.0005644947654727672,4.16890548917073,-2.0014114874475166,-1.1995017773608796,-2.9270959398485,5.359306166779175,0.0020368376434645678,-1.046547362717657,2.412588432992799,0.933862405572144,-0.30664190351174925,1.7866590802025155,3.988776349567815,5.0,0.21595301980531265,-1.1765267497722227,-1.4440541718352495,-1.7265707853690986
-461474515.04385215,5291805940.304663,71132440.13196392,0.9788416274050852,600264426.9694684,-3323469422.6979055,-0.03384756258388047,-1423796999.095117,-39514032.07376191,-62727.564240546075,176762612.36673915,5041265979.058435,1469056004.069367,-801134840.0070758,-277595126.1149248,1267685296.346684,1463366956.7285206,0.23531232782022862,146249.35893903486,-475.459585295082,49760.17406072307,208.06570532211154,141186.20309068912,71342.77318710201,0.9360073950179009,-283.7297263920916,-0.35487642806198766,-61.000852085632616,-3.8009753140023066,-1.6978054878132138,0.9103079070031912,-274.640888987908,0.9557004660843377,-261.67506786518896,6.125253687610583,0.5174857257717682,-0.09819006296018545,-5.866517904973662,133.5238259457901,22.11641733640156,1.8209246704033122,-3.7267888886917846,5.357597857959914,2.744553478796024,7.712577070392624,-11.064814507397939,0.9412091654907038,-0.06294594807793062,0.28848120092031637,0.21543577168865596,5.882260529911634,-0.013160212618743249,0.6848438472282102,2.3781818304390097,2.2965280816411378,-0.8628069825527688,-1.8936129930134333,0.9707296796975423,-1.1031140748514847,-0.8637384482349959,0.9345906424994265,0.4462493340609553,-1.530159274992509,-0.28304514939054476,1.0698790709825756,0.07221989549669372,-0.6616565216223727,0.08536612654909345,1.2000445437648197,-0.13522112993254437,-0.5359246106882376,4.027426466628443,5.0,0.3592673331171775,0.0038914859518607743,-1.1313511482585898,-1.0167707500642345
-83236459259.24673,954507168482.2517,13121470463.949785,1.032808366270844,108261105024.36385,-599436616656.2358,-0.02888011847168205,-256777092118.3674,-7127720960.064365,-834107.9843382175,31881160181.985725,952828474896.8862,264947470081.422,-144497136381.92224,-50069905190.905106,228646673476.7655,263940979253.77786,0.9612790929895811,2017879.1132504607,-6736.045487053847,667648.711620222,30504.941971420845,1955716.6038627964,985409.7115738805,0.7951817875965838,-20831.05184071938,-270.35736261567547,5209.673355152695,-142.28890857268834,430.0441305598454,0.9365970592617208,-9879.363221938254,1.0439391179659077,-9526.670477252994,2498.867518367096,0.19969946963375096,0.08355885141388635,-3785.697622973151,727.9790884499778,2530.5582243128324,2935.8787383657514,33.637643952364364,1.5742671362350942,-20.852347125617744,-3.318660170940988,13.439023394635194,1.0194618957409163,0.09068296728743946,-3.9880203107512804,6.572488851153886,27.151822660729717,0.026697820703316572,-17.354417247289156,0.5891362931704047,9.399511203521781,-6.725001751805655,-15.519271760016958,1.034669812869923,-5.869155449927087,-5.78715130363257,2.0910001808547127,6.085314796154195,-1.6896969849788273,-4.329779461395188,1.7998504988236028,-0.015499722542882625,-2.5451184887006075,3.3646611997713674,0.9497551584591523,-0.16278970905862722,-0.7211255053264695,5.0413371781705525,5.0,0.8715001444044289,-1.3331464569974252,1.1477024915903744,1.2981690046342722
-58793299.40126057,674047055.7267373,9966425.957737688,0.9035829216808189,76475567.96349683,-423382142.3080836,-0.15304726245021197,-181434578.075922,-5032827.486111361,-21506.444396872936,22519592.60968432,778859867.8748938,187184486.7020834,-102059520.9011186,-35364320.64522308,161498341.06181282,186422017.15183514,-0.7070175264094488,58980.18426636746,-541.4968284547246,18347.226756440254,3216.237873672224,58459.15459237493,29194.18335966931,0.9733066444493101,-2281.0650600902413,-29.064801696168452,745.2338678920879,-16.148610063262385,22.332286773562213,1.1218804842009782,-1124.8989240597007,0.9820584715656049,-1070.7151621312912,301.3128414414057,-0.9120472767951725,0.03464544798596169,-491.53326930455,266.28306312397086,101.76506762657425,389.77964671371643,15.106706337737323,1.4454193161393347,1.0129183425802983,3.0709299634157947,-14.306536433932978,0.05145994900173406,-0.001727866717285794,2.7487708692351487,4.496463016270611,6.781693039751382,0.12914037537074216,-0.2780223754702684,0.32323967458572456,11.14068795064988,-8.123496789995707,-5.215131215779223,0.9838191073666648,-0.6445317358257894,-3.8401767124006545,1.6323242574031742,3.096045876587535,-1.9726528016082048,-3.7261309489555825,3.404455092557958,0.15870292736268293,-2.807633722547698,2.6178256885810613,0.8343381680555835,-0.17119160695459404,0.4210227786241829,5.658659918275589,5.0,1.3505886304992936,-0.6898829125312504,-1.6842735489757705,-1.8576304663103054
-11518641586717.588,132089416116824.92,1783175184383.8271,0.9218520413447077,14981591024763.842,-82952657435357.64,0.11350644939018778,-35533653878546.66,-986373160960.0049,-10034117.415871434,4411847768175.759,127001217595750.3,36664384478369.44,-19996148592484.53,-6928903796930.985,31641127371752.254,36525314637840.47,-0.45569293908178776,23165500.006164223,-10129.398196698312,7847224.8836974725,16716.800237442352,22238123.208699305,11235718.294734115,1.063814694612452,-12937.933615454474,-118.31538897371107,289.6029040092952,-103.66752075326725,171.6584115889505,0.9500830378303816,-7525.251716227049,1.0306472316687434,-7265.107403370637,948.46287299682,-0.06203529006828395,0.004456417707665292,-1261.836272342337,678.2773984475199,2530.895295934583,972.3558671903103,14.171069004236944,2.4711533417432054,-17.046525171945202,0.8712093471034041,0.6807527413436771,1.121180384907876,0.1912799778893436,3.1361421248739183,-2.4574024596982245,28.87894793531634,0.16006327914441387,-18.236784209155736,1.2810056370888583,1.7378271943329635,0.7805152038936467,-13.907323710798915,0.8836736212089816,-8.630890382743576,-3.2550575711742034,0.6592414123199568,4.251695007068112,-1.4857250817733914,0.853787237624907,-0.6531326986518291,0.09615785122100619,-0.8399179702524517,-0.9300224847946472,1.0358952237823351,-0.2963337977444169,-1.708489431228931,4.661069572819104,5.0,0.7240245919084335,0.7388050354131913,0.7024459899360875,0.8111365714235574
-2703605.266743834,30977226.195411578,452914.9951979922,1.087063181351234,3518782.391371266,-19470216.676918752,0.030349226219550753,-8354156.228304821,-231149.3254305418,-4968.431470323421,1035929.6394959469,34910709.881389834,8615982.274135172,-4693312.066949266,-1626079.4472253867,7426918.691023854,8572599.037682388,0.9442802419436152,12412.147981415352,49.195652997304265,3925.228760629809,490.32371044704803,11980.38067149171,6019.4556587525985,1.015322142353172,-312.6683771112171,-3.4939323177577113,143.50580809156438,-2.33068686846129,-23.139571884598162,1.10799772644805,-155.46303723047538,1.1441157743075558,-145.4000852423268,68.42284369687636,0.24187529126424642,0.021073758179934593,-57.480574905664945,21.694717074439502,4.578878298331805,48.596280839453996,9.781372081849515,1.9279877786003539,1.4351971274861113,1.7097570076975568,-8.122143716366978,-0.15019890459761137,0.6704089609606283,2.821975748738124,2.5322811424948135,0.6553341944868356,0.023565505216251243,-1.059269895024949,1.1102939872508486,5.767708687136973,-4.668505991411248,-1.6683311685432778,-0.10036794688718734,-0.1922933033042976,-0.17646564693654276,-0.1634108438491912,-0.9428828225082483,-0.9451002661488279,-0.8624679884955,2.9831784862294555,-0.023500323316435145,-0.031554360381478394,0.797972491124873,0.00564631360799935,-0.20363544683434454,0.7475723423314085,2.787475363418719,5.0,-0.3645351438551828,-0.8355151359394949,0.6069869696263911,0.6653624481775288
-8311533129.701114,95311509713.13129,1283512576.0821605,0.8069381212289438,10810517266.428574,-59856802905.34922,0.0658796435781437,-25640934784.83232,-711725567.876356,-266319.5629343533,3183505806.9041305,91165024007.17758,26456668916.13914,-14428762671.426186,-4999707474.771637,22831514772.06747,26355829670.061882,0.9777631849659509,621650.19342692,-1403.1778881449106,210357.47213881995,1719.1200932286147,599337.3365500044,302807.9837045352,0.9600313923757692,-1521.149844317725,-6.496920799920508,-92.15039398951716,-12.06503347281736,-54.587142740703115,0.8895326324460865,-942.7675634631795,0.7815376195884718,-882.478621167902,22.93612440000466,-0.6397920186513719,0.029800003692619217,-92.21219728112385,62.39419423517164,448.7298606280072,71.21469177086946,8.758686722311294,2.1721042306517133,11.424062306610816,4.014909156434541,-1.979700288613711,-0.023218870178657258,-0.12452964248649367,-6.631024860436058,10.522280964810248,-10.70830711991342,0.06099846848937082,11.09885459948324,-0.017510475729341734,11.127518578923867,-9.909050759940765,3.757261736345173,1.2217130719072862,4.616333035755117,-5.915615336322752,8.885597854177917,5.638226598077793,-1.7001848692738837,-6.047318716500995,2.1269283492616364,-0.06297790440301275,-3.030110132027858,4.636417954418745,0.9745890848624672,-0.025411790963713404,-0.6401200527449902,5.324310495579234,5.0,0.9498579458465408,-1.948675405038962,-0.028967057392577218,-0.02171392502927003
-886314591867.1118,10163761639652.234,137371049983.94458,0.8758606874723491,1152776718151.5854,-6382887338031.996,-0.13941311781968288,-2734182593717.173,-75897462783.98837,-2774045.8681448153,339474790766.5121,9796266900129.512,2821186636530.7383,-1538626455698.6084,-533152172706.0403,2434662640720.007,2810481979085.254,-0.7512025271592836,6438154.871699566,-6344.059718245646,2177031.0305266343,14052.485141847546,6189130.449298515,3126434.4128991175,0.9216397638437426,-10218.803071297958,-104.73846175919607,1141.8360903398825,-82.46572432454545,126.65088529166792,0.9190694482519179,-5857.681479213173,1.0763543057833613,-5647.1460046624825,1149.9597279512423,0.059206387730025206,0.04191088100872995,-1179.7227502150297,716.0322081476244,1370.5823650944585,925.63195463574,22.229225815937788,1.1395192029782868,-7.9474677957872535,-0.6937435304410423,-13.551170660794666,0.09371317452604916,-0.011504155350055473,9.250207824684729,-0.5967423945091366,19.600839683123525,-0.07021155230637952,-13.528884789506838,0.17892268039214665,9.499981977210215,-5.730971930820792,-11.561827107360427,0.9995941551478509,-6.123933642547648,-4.941228830692018,2.004888126686201,5.318973508502707,-2.12499069019387,-0.9960555886070486,2.107001722099726,-0.07955004782421418,-2.3133370078981295,0.30615400741430093,1.046883894251028,-0.1821213595064412,-0.03961312611866634,6.245588631597687,5.0,1.5261645307614096,0.7058113116482475,0.217694283161736,0.06968990645652415
-17142415539429.44,196579756133526.5,2661005393919.9517,1.1022012223373356,22296087139481.273,-123452828864027.23,-0.06320785185169646,-52882327230418.63,-1467952398336.108,-12241644.237635465,6565854469586.323,190076301148083.84,54565118793895.94,-29758915548922.453,-10311819242806.816,47089349904005.55,54358155435139.0,-0.3394703489778584,28352591.86368167,-9869.795034916702,9578000.546504319,59148.54881924988,27222974.823917877,13750092.425857184,1.1423897320464165,-39123.41928868809,-522.6755195526293,11200.094500369198,-259.94778261130017,882.4114571310631,1.1470345831471458,-18043.34728494066,0.8852938812070903,-17436.752618063605,5184.127645105559,0.7010014809017764,-0.10036979465803897,-7327.777211552466,950.3460365833798,4566.472093313177,5736.9326275751555,-46.74636773564456,1.6805180087702478,43.342280072894226,17.06621449454036,-31.651291029659635,0.1469855301379379,-0.024802125089562383,4.594640446966288,-6.515938886497795,-35.450721532821255,1.2086436347635114,24.914067668978106,0.33681560386946674,-9.848399173388703,7.104705416557119,21.901498952773025,-0.05079032486710754,7.825409723073826,8.216884057025927,0.48186016564280437,-8.984733287722117,-0.18727917885380402,5.870957421162504,0.16242325766343202,0.013213223358008688,4.22305645674665,-4.207401903385531,-0.15720841872114508,-0.2151784339405265,0.2990781610823196,-0.24976873462891236,5.0,-1.990959681887546,0.9528953987490502,0.14735950953676633,0.318806153585626
-397484500926.53644,4558129396486.388,61812707327.775406,1.0411316816617877,516984985162.9594,-2862527379617.5464,-0.15107374641959334,-1226197721641.5962,-34037610495.896313,-1868338.402486399,152243965441.29285,4423789393590.816,1265215962624.7751,-690026294395.3812,-239102165105.45706,1091870763757.9012,1260414087871.2026,1.2040111662811759,4326077.358433337,-168.53557129725934,1460088.8160673908,10648.515735506378,4151511.898343333,2096636.6130195688,0.9179215318115919,-6674.379042686152,-86.62670623751669,2725.5559089780604,-45.52443200424265,117.08987782592388,1.1006914480169612,-2962.38294029252,0.9664195350588424,-2842.01643251926,1183.397035587643,0.6365751094040067,0.11051318407341935,-1480.350702395267,374.9636602978657,191.36667980296937,1156.1701180028772,28.165382762866813,2.850751423820203,-5.82251729756785,-3.7127133706356217,-3.969020294574317,-0.06768784738042928,-0.06230474924876448,0.40437193884820133,8.354348713706333,6.797291864962954,0.007953088947982124,-3.650655695684354,0.9568478653856899,15.301298336981521,-12.001011124982607,-6.928800146757195,1.1507177667285573,-0.3626748814265185,-5.647200178685306,3.135037110438781,4.792608475719287,-1.8267513690837986,-5.511798397354465,4.174635032048167,-0.15468536335921174,-3.0416962463892165,4.286923304319664,1.006825056084725,-0.08741374331629753,0.7313857818500765,5.314471486326793,5.0,1.0717390049215199,-1.6383802504625347,-0.2166770847910257,0.08149971168876201
-328479278.64138764,3766210620.346817,57763976.02429514,1.0158881877237715,427220424.40649325,-2365385056.1587157,-0.13345413572248674,-1013454620.4898285,-28123554.08599115,-42524.454187886906,125810042.71632579,4670170510.674898,1045627452.982033,-570196715.683918,-197580709.0567133,902270521.0219103,1041523337.6381019,-0.7400789262486095,146103.26113063778,-3409.835975021095,41693.636809249154,14884.742813206049,150207.84144310092,74800.67961326298,1.0623866428623638,-9868.286849478758,-123.21730128316615,2333.0020161733155,-68.99990492186383,169.4827790096713,1.0427784440579027,-4861.074165190916,1.0770298057067116,-4695.940774035902,1314.5685334603952,1.2027883684819267,-0.05921755792948083,-1530.0804142595032,155.66100037700195,1364.096885036762,1201.6018451915784,-22.10042709063117,2.347797737866903,23.390849189901516,12.541883567551528,-17.507670506382194,0.8905576443776271,0.05681846920929782,-0.36304003746648733,0.11190633053883017,-17.547072187576266,0.9987154769030454,15.716002552238265,1.0927208963011115,-2.2515297856139105,1.1633496094083438,10.632197554602584,-0.08584747418065022,4.907700110060933,3.2609154938873988,1.0438164198100417,-4.4914272079756214,-0.5006613602947223,1.1013352683839286,1.2178993963491567,-0.11616838598408707,1.3997976091962392,-0.790071480254573,-0.03237640346475163,-0.1736453798752577,-0.019305255612697296,1.6159466276053958,5.0,-0.9645313254564702,-0.4181088090668093,-0.828953983343627,-0.898803032492621
-16344840894.687298,187432864897.63776,2523163135.958926,1.0523537223846924,21259035952.325523,-117709677954.40901,0.024186515821225375,-50423067780.87788,-1399634559.914802,-374886.64827573777,6260423529.248644,179148886580.15454,52027332318.93676,-28374477277.860203,-9832051512.966906,44898670515.34099,51829315953.3865,-0.7738817371861715,870779.6951391636,-1439.1003860983014,295046.31921430986,1400.585485492103,838213.2622081158,423586.24970799446,1.0214873010203123,-1281.5132458253438,-2.4371730724877008,-230.67711425450926,-10.996323965324208,-68.29568309884696,1.2377224935273723,-869.0255633372147,1.1769337366800863,-821.0206012519757,16.65934846614147,0.4092167835499139,-0.048400940106389595,11.252912908613519,15.417582686077653,452.508582229277,3.232009158155566,9.985231833780293,2.21200544842288,15.18744079856871,1.1483900466442694,-14.733100227869153,0.1052658199289422,0.12812781278263127,1.751486617652691,6.882106954467356,-12.588486571088067,0.9861880731085049,9.540038826877954,0.008305657845042946,12.266058519511079,-10.239684004519125,3.8676840694777455,0.8653833897216356,4.251054396582284,-2.7236228223464374,4.311802726326827,1.459750862630235,-1.478166111697602,-3.969242399584205,4.189037065510575,0.10391788797128043,-1.8830979339641423,3.1852900229719183,1.0539054573258444,-0.20282657955384858,0.8616995573266202,4.38609754039687,5.0,0.4677436995288648,-1.481495059466078,-0.23024616061282766,-0.4688181055409203
-13240407907805.07,151833683121282.25,2049451753471.9753,1.0786124626654168,17220986370627.48,-95352130060452.92,0.10510198988902385,-40845098121094.71,-1133812776959.9944,-10756485.087034224,5071315276891.298,145945594570151.75,42144846867962.51,-22985102882371.59,-7964612169701.504,36370732320581.6,41984990804906.17,0.42299604559667253,24832866.402953632,-10730.234738546173,8411917.905026633,17567.631713125418,23838699.13392653,12044654.3660713,1.1228984030561826,-13524.396500386423,-107.0158177082463,31.245748442790624,-103.42537928551397,66.11792043977073,0.9031937781888664,-7747.62722564974,1.016520661211078,-7466.438038428939,847.4029832330585,0.44340469315363085,0.10266767504705046,-1105.0500501718673,155.87213624978648,3340.9257335009293,876.0070207521535,-12.313717602021098,1.7641292046880641,30.343401767603897,8.103269020265627,-17.289811566238658,0.24152708773623807,0.14115620623300404,-2.8756580351901944,7.090139272856008,-30.63096730803346,1.1020223182515865,24.060780689677518,0.20210172675205812,7.049733838578395,-6.79403254270661,14.841813764790231,0.9392213757835897,9.224940514006104,-0.5369886370245767,6.053448710833568,-0.9711969615747948,-0.9553618909146095,-2.923907654857035,2.8745919335921415,0.04356169431418626,-0.8479781220669724,2.7404950578773746,0.12058443062568758,-0.16118704668161546,0.31007265228179937,3.0308604841430484,5.0,-0.2179840542731745,-1.6643120475525495,-0.6927838053918421,-0.8682443049033701
-1883059668382.629,21593883139516.598,291607609344.1742,1.013624029041649,2449182349304.227,-13561048509305.125,-0.11977019889367596,-5809025278137.979,-161251459071.94135,-4052609.1671977867,721246236271.5677,20776129442757.527,5993874843543.6455,-3268957697784.634,-1132732520325.9797,5172671457392.79,5971135281929.088,0.11821408704286,9371955.314183261,-6103.2069013909095,3173471.4301661397,11025.025146240601,9001276.442706063,4547661.907945827,0.9223186757125469,-8300.17188559315,-77.52431141511312,516.5465537509795,-70.73087785445522,85.01109189776174,0.9071266208655538,-5063.88576867331,1.138185591432839,-4879.9332648415,882.2318366071282,-0.5437202321981667,-0.21087130293467912,-794.8329947412426,755.4617779110858,1123.9858214784215,627.2279301822388,17.50585973637174,1.622706990579697,-7.0643612111848135,-0.09780835063322096,-16.90699362791328,0.1437459702598663,-0.030821807069481795,10.394468169681618,-1.4501585139827406,18.495957017242105,0.12181894956775159,-11.811375279511136,0.5193649889241154,9.169400465716441,-5.138849381956834,-10.921478112397438,0.8460290365094533,-6.279886821789141,-5.004986129163821,2.28189719708406,5.779196793586189,-2.1236274512544617,-0.5850472766080013,1.7136165314231973,-0.09614990947933043,-2.323252098937181,-0.10676749176259355,1.0090864416967498,-0.17513273385004832,-0.5610625293482241,6.565976697973522,5.0,1.6999933693481342,0.9414272628025773,-0.30528011138101285,-0.39523768239679996
-22920601.35617114,262778409.07253575,3627054.408372665,0.8980641108708742,29819512.893906206,-165071203.55486515,0.05153768932545662,-70751037.68218899,-1961876.072472161,-13136.171536936341,8780480.9226984,264166857.2920509,72988393.93006043,-39791222.75623714,-13786801.497579463,62965240.51682962,72682793.43264154,0.21886269258759078,33981.81395211308,-419.3430334032716,11144.352412069025,1029.8632662940483,33644.155604024156,16937.24453314713,0.984220503016153,-765.5992406801784,-6.904693309299869,112.54177950147401,-6.527972448245474,-8.047291858814773,1.0361123782558423,-457.7248232631615,0.9210112502022169,-435.60556115793406,97.02465787315651,-0.7804788984870262,-0.09560924322053498,-90.3411091261741,91.11371190944475,66.93038580229602,71.03200024336199,8.321902727667275,3.9988298904372996,-0.5668162514633148,2.8501404927371814,-6.456306785231572,-0.023325045792372497,0.005100919608581712,2.7484674849810387,1.108107538862857,4.541176393631973,-0.041030595378316076,-5.145192272544416,2.8553825184516075,4.011228999920382,-2.905686534902773,-2.6771263246971295,1.0770782034720916,-1.2598621019620235,-0.7391024397058273,0.8477710941640322,0.6398131151420285,-1.0153655293651564,-0.37341439972939816,2.1029807705523282,0.11224642381762015,0.08160350925398649,0.2976760731430155,0.05569930137745325,-0.018814194857910138,0.5373974200965204,3.0389812357504256,5.0,-0.1967945499523934,-0.3045247596375024,1.2424985160179007,1.4567394263481523
-448886714.1589468,5147422138.808915,70613464.10169016,1.067608799828041,583887633.6463174,-3232796563.342407,0.0558014785352973,-1384955865.0167909,-38435852.001074634,-62861.40969255563,171939985.26448113,5114463731.493546,1428982116.332765,-779278123.2828856,-270022902.2504747,1233100298.6089096,1423442461.214032,0.6219165158398822,147409.42518509182,111.44260829229296,49145.34687601193,1174.3947437180477,141527.1554725077,71382.8266564766,1.010649596017914,-734.6075513053438,-12.36832335941848,366.0551184625506,-4.038896513962415,11.739485339184174,0.9364909644178684,-269.48512968685804,0.9159371127077136,-258.9141758846329,110.05869655659262,-0.04486206989543548,-0.021000556322380237,-192.50757970065078,10.346582014363845,75.07814644356186,157.07761886894343,-5.332529970862386,0.03060684845473554,11.968951530140663,6.4241807510234885,-13.219460148599541,-0.048559720666004086,-0.14242067084202656,3.312386426360751,-0.764695566622323,-4.674602956279698,0.9363715100183675,3.262020181262061,0.2575153721968266,0.16686173907124105,-0.19481174481243835,2.9625004045299344,0.07522095830885121,0.778833706280894,1.6841965261393972,0.243577867912303,-2.3223319697703206,-0.7295012633843574,1.1614204775804864,1.8271601247528921,0.1068676711135215,1.0876542841215713,-0.7283574025116004,-0.2532909293902276,-0.06640912816996089,0.35398424082913743,2.4762403754346405,5.0,-0.641476483111957,-0.05594015899413352,0.5816821536393131,0.4926112256911471
-20973788.476378005,240290657.15626252,4093389.993204233,0.9342619117491386,27269568.22690045,-150958054.2871367,0.03626835313627754,-64732000.80751214,-1794329.663863945,-10916.095299769426,8031194.316217151,378681414.69290423,66767850.14483039,-36392776.66957044,-12611824.01420841,57591989.3064767,66472345.26688003,-0.0005864411492353741,42307.889716143516,-1026.483396361772,11415.744491128607,5824.296235402928,43687.22281040755,21637.79285623122,1.1481504717811282,-3675.4728377937736,-40.87510016396523,1120.540781084764,-29.43207185692106,96.67530401340363,1.014928688636025,-1963.5611512561925,0.7775110792533683,-1898.3227003244042,678.8443365494061,0.8127096136303071,0.14085572160586657,-589.326888722625,299.4317425340207,154.45702830237877,450.88642937883066,-25.598769431802687,17.038021643868447,0.7899424022794777,14.702878563095926,-14.902439890987758,1.065218871455965,-0.11838594118473118,-0.29687555842027646,-2.7149512874891233,2.2448305867869403,0.05245863770504573,5.041086329177234,10.427342054352554,-3.727835225020103,3.40361154331879,1.3615375689797216,-0.03405717590713992,-0.5148651781334376,0.9720403727587835,1.1200246683429909,-0.8012650157604091,-1.1271483382622107,1.4593880157353285,-0.41324831431860604,-0.09707072085118629,0.2690413313167722,-1.2850087986832586,1.099377885100823,-0.13459827941814456,-1.2893471076018768,3.934312591808063,5.0,0.24625573872652887,0.781981366148383,-1.5710859456928346,-1.700732558912577
-1.5404566601192706e+16,1.766510847057989e+17,2384567990222848.0,1.0696231149777458,2.003576474062206e+16,-1.1093751498501781e+17,-0.1130277244750453,-4.752123444376398e+16,-1319136256851968.0,-367813128.5875611,5900225356770956.0,1.698201737486328e+17,4.9033435985469064e+16,-2.6742037863441172e+16,-9266436345837274.0,4.231556000866914e+16,4.884747393794306e+16,-0.8099728377112766,846840446.3563633,-57523.27596294896,287047385.20525306,81551.65540089869,812221657.110693,410402730.8993842,0.8869802429472807,-64740.0253662496,-420.52884271439336,-3215.1462206814394,-502.77629302908696,380.37719668575374,1.1671775502069406,-37833.45819522244,1.1671492481978818,-36496.52455766424,3054.8828537768745,0.92407973154084,0.0926196808876835,-4406.556247386996,430.47698365813767,17479.82928418109,3464.2588413218,-22.00576695323964,5.976135421013824,58.656730977328586,9.980044605594964,-20.90397677391348,-0.11193442332777721,-0.011986905840729343,-8.377987240232315,17.20057038278323,-72.12645879337178,0.9343095580696761,51.010171789453096,1.0245818827881836,16.315968213705116,-16.846598128028887,33.03827189512587,0.9679442837718124,20.384788570503797,-5.7012445684282484,18.5577200212144,4.631135834944267,-1.3437985580314695,-7.978601696369177,3.859596581705564,-0.017918632471051875,-3.266584678111394,6.5418973007588725,0.9616777162259135,-0.2033217870113272,0.030604400409187233,4.410377234578236,5.0,0.537258559757275,-3.335878081865667,0.14481877681311825,0.31116067182916873
-384967666240.9305,4414592909626.639,59809218560.04687,1.0053614577068153,500705041844.24896,-2772385861005.885,0.15889228502667094,-1187584682777.7617,-32965763071.981598,-1817226.7085732014,147449780900.61603,4276052481224.3433,1225374158966.3733,-668297248490.1321,-231572793288.33463,1057487579001.0498,1220723428002.3267,-0.010728755317824273,4257938.647971505,-7685.460686185613,1434070.0615476645,20835.605955423765,4102659.1117091365,2071630.0886976128,1.0860284201896293,-14630.799289817392,-163.2054382761578,2169.466332123727,-111.63860463224648,215.68494353871773,1.2184832313842078,-7860.267822468814,1.003453635582226,-7585.885083783968,1702.4390615989157,0.722365452563619,-0.06728475550756123,-1892.5364683369435,592.9376571065861,2094.511328946784,1472.7311045388394,26.08654335549094,0.6444081282026459,-17.075887560890227,-4.906085099496005,-1.8381386444772831,0.08460582590743954,-0.031046848793104972,5.315844149209655,0.6709566914317329,23.735840471076585,0.01909522692586431,-17.370116783162928,0.17124773845245783,8.3189970914735,-4.533167921117677,-13.747072611014717,0.9574074792412306,-7.125117910480623,-3.8972053487221485,0.3228109969460184,4.218910039643745,-1.5037362995662753,-0.9167633367450685,1.699665676380869,-0.022233221616221658,-1.4170752951268808,0.4110986855505816,0.9618517472528139,-0.40592922099028206,-0.726554326657233,4.871571479256917,5.0,0.7805584210895028,-0.10022380043048792,0.7953438520285885,0.991376469198942
-833824.6860550821,9140986.865978755,153357.98730826558,1.0128304136946278,1034348.5477048582,-5754294.312087258,-0.025935574657248724,-2537936.686953588,-69709.22310182042,12318.577680581364,309490.80531348847,13310515.37458527,2585398.3430954525,-1398207.6966590695,-490520.745568347,2224323.5866632205,2547225.098512791,-0.16606752226393245,12605.375098775117,-3293.7745012898454,-1834.9556454303952,12362.519147962023,21319.024926200742,9795.864472678211,0.9242294908371824,-8463.764746132361,-99.3177268649459,1864.5574145679157,-62.167635750113554,131.3850705079682,0.912939398561081,-4317.708710658387,0.9597489933049392,-4161.975267577906,1104.0272971282855,1.0982591838990223,0.014602520300572526,-1336.7406982472428,408.245511472869,942.6547540579487,1045.0717246094046,24.590252546388804,1.0571184416973793,-8.356815132709267,-2.015910863796562,-7.9697055997513395,0.040702314864325136,-0.02830671013116507,5.000883185625818,2.7681010748014168,15.872092608250266,-0.08549658024668001,-10.387012147585004,0.1316579899368281,10.805650727179392,-7.356356613550411,-10.218397849157668,0.9219355709776484,-3.9156171213011595,-3.6573781345170318,0.22253842165857135,3.0456994603366683,-1.6227946679133796,-2.4852285536631578,3.273733804945869,0.06311251921420588,-2.0560206763839153,1.760729325308895,0.9544388296529289,-0.14471316005786106,0.5155957516815405,4.886649626738928,5.0,0.847234628363801,-0.48240288065366843,-0.15904006093153433,-0.2573505597284934
-746568692.6305296,8560833836.079534,121220488.01157276,1.0686372792837522,971056624.4508094,-5376498819.093686,-0.005427321358078731,-2303313773.38936,-63925316.06870739,-76904.34017267937,285955492.2750943,9082259305.060192,2376534924.117124,-1296032222.1440039,-449085346.07849634,2050797582.9831052,2367351341.85474,0.40027943557529605,198789.3687075484,-1370.3399040983657,63633.949711401154,6990.971192246298,195080.19896759474,97892.84811329072,1.0254374500484478,-4816.888219933306,-62.03368560499363,1335.8510077925307,-32.772976064690376,82.29818010057343,1.008866627154134,-2288.2483428684836,0.9624126180982976,-2198.752063706237,597.6334107083641,0.5606825636581125,0.03711832260183767,-936.6294724359701,275.9718462213751,472.0302572827788,729.2650975104705,18.924904690874985,1.2495260569442754,-2.8666084841796518,1.7520773516502954,-5.620085994226338,0.9578656154059156,0.1268205623080176,0.7820070950407397,4.116963179216941,12.18414201516642,0.1832254880339043,-5.683745468688564,0.07639542935438756,9.073338829920836,-6.431313822489597,-7.401550983717351,1.1159630274938706,-2.1688203562655,-3.541649491135669,1.5176015292193792,3.1323197057098042,-1.6688188577327199,-3.1318894220862754,2.600276119232682,-0.09033892625285328,-2.08555298653376,2.360025684024008,0.9399849660191602,-0.06317402239105696,0.1722080214257158,4.833977117683574,5.0,0.8285636945388377,-0.7466704825691933,-0.5290035242395743,-0.6045115110038528
-2141190171924.0623,24553980444464.16,331797528575.9962,1.080937147112804,2784916842586.531,-15420001062279.176,0.11317488327274572,-6605327552584.199,-183355899904.0137,-4312739.111775731,820114871492.1909,23656109382499.95,6815516514653.531,-3717067415419.899,-1288007876550.3052,5881742843854.46,6789660322624.225,0.9142573554826775,10003244.831889167,-8942.906707216938,3382677.367050058,20042.502079068716,9614507.136897955,4856799.82891268,1.004766471185925,-14586.792879374785,-160.82229404780693,1531.0456980568322,-112.43746331065144,211.51167107039603,0.9738488608450845,-8012.659389169555,0.7924179419095899,-7730.296354068905,1437.5490442549187,-0.7626172869731234,0.05174923716555263,-1755.083501442375,631.8284554573637,2398.597505977504,1362.8819430170806,23.03499428881986,0.7081487889869885,-15.51987383151464,-1.9350969701388425,-0.973754707720579,-0.08915115920364752,0.03646223687070175,4.513067553134058,-0.44398845445475255,26.021003744491967,-0.058302772594352015,-18.30129336850926,0.03938617340303034,5.529824484559593,-2.762447137419175,-13.833298798367805,0.8878529840769563,-7.518816119851233,-3.8933881581078964,0.9975463117723985,4.867423208475262,-1.7283688878482413,-0.5134273835624915,0.8753681734272479,0.08397527544865327,-1.2268609012373124,0.06819747975299731,0.9692310985180553,-0.17147175311976118,-0.6654053896561188,4.970835724671919,5.0,0.8526378640348459,0.3780430184766313,1.0868808576612004,1.2799616786681467
-110064759.61453298,1262088198.869672,16947273.992980454,1.1485664132095397,143179029.54300556,-792691995.8310468,-0.08095078730294555,-339635807.02039564,-9423512.834636424,-30068.223949490563,42161241.67159114,1199327953.3387878,350418322.0561426,-191080759.4961975,-66208087.260306135,302359498.0339775,349031390.5685125,-0.4858441293869322,71533.73402857095,-423.7150052814045,24233.09984019672,402.28640885159194,69543.80112614266,35120.04611569606,1.147650336627576,-410.39237320392607,-2.8338906619338475,-16.333472873492887,-3.759546161153143,-7.707116831762725,0.9352960026699771,-281.0366700444343,0.9777591451638538,-269.3567283972466,10.185225482560126,0.9721159864064527,0.06758557326478808,-40.75712694173482,84.90493936567903,75.67938929743154,32.10776168209179,3.2507562893874447,2.9771810853336738,4.4114186000945,5.745310144262136,-10.173949074395209,0.953556157536637,0.036949823649104395,1.8217510099711673,0.35575574337569565,5.2805012181850515,0.06300838294914728,-1.7601688479876318,0.5684661448852122,3.6172261007687507,-2.0506672356488957,-2.5653211389006847,0.8079473672490037,-1.3478706148142465,-0.4280317371923936,0.27295138730512053,0.18119095191581094,-1.2709971120374883,-0.13129329662447722,1.9008731855720324,0.10037977416431071,-0.35830663096433085,0.17648836807885485,1.2156614545233708,-0.050536478244693775,0.29198227377515906,3.7057467091922143,5.0,0.19182694912626122,-0.014448577516159036,-0.30259818126378657,-0.2461420932114066
-362.6017944061691,433.4946371817753,175.79990527820385,0.8538580632161177,188.3515169745911,-810.2572300424806,-0.08720770981811127,-1140.5521900896388,-3.7238594863812704,-98.41290966016476,132.5488345069261,25909.326721796268,801.415040461127,-180.69755529922372,-109.59793328662046,466.7510928206476,354.24452056435973,0.7987321766061708,455.38804675565564,16.049126274363417,106.30665762823786,119.79143458173498,453.610893677569,233.83542070470804,1.0515014514850274,-73.98274809359825,-0.44180144032898766,57.23146944942155,-0.3414310113073894,-11.759596060710559,1.0293578014386786,-59.33645676045016,0.9330786422820307,-49.41081498295872,17.409916765635668,-0.5177622310886033,0.09570038796514412,-9.841031251537538,28.325093192572727,1.5893332692245434,0.8809859840291592,-2.5420590836742054,2.8776491749011655,5.973756074971498,7.746083600696756,-2.72992832915232,1.0935666307923553,-0.02213473619371737,-4.150800173776509,2.4834138636344285,1.143291325671104,-0.01384900372674717,2.7862221572401933,0.6203049495631899,1.3899003138766048,-0.8722791458434747,0.47374515895548247,1.0467798506502228,0.41130307071994565,-1.0003137157994368,2.72910314783346,0.9221775655385553,-1.0696741568535935,-0.9768631234706949,0.5608219803424563,0.049024792396210215,-0.3540303381382229,0.8134865144948935,0.9865384579496814,-0.08026995525927141,-0.8955063081827702,3.461995875551712,5.0,-0.043471014443436436,-0.5661775960468353,-0.18452126485383283,0.14517949952228243
-3501887784.90803,40157071138.36116,552038911.954489,0.9128365265668936,4554800645.916186,-25219339158.379894,0.016399306971332923,-10803440626.731321,-299866047.9778859,-166140.883228196,1341305269.295039,40083574573.512085,11147069608.765608,-6079243360.022363,-2106513699.209574,9619567087.610586,11104447300.057192,0.8804956049320645,415184.7097738657,-3137.229867797417,136443.87045390334,9172.665401137556,406330.31548285676,204642.23813611563,0.9101441840128455,-6428.68572550534,-74.0166791971084,1049.999299638981,-48.070968229481,98.46962200527031,0.9721842769617821,-3357.4676359309465,1.0081817102535953,-3236.551671070288,729.5579982087696,-0.6997873690270096,-0.12472065865856186,-900.5598961178181,239.48146455166054,916.9454371872773,692.343993058085,16.481338131287153,3.571590745357578,-13.608152996114365,-0.8128004809180295,4.570876190606181,0.9267281898355411,0.011357829807966518,0.27572811278883874,1.7097288646988162,16.830611678959848,0.10882107747719838,-13.33587403055359,3.0357233314156886,3.9683755764007924,-2.0595075532412697,-8.812113581121137,1.0864158918277662,-4.365868067226639,-1.4706624681986082,0.15263367390227783,1.5777099531689567,-1.065989242332166,-0.5904395552608035,1.1510223002464324,0.07174228003648334,0.0999237474318281,0.5428230723452683,-0.12779130827871962,-0.2637943003008095,-0.5159980988465641,2.800718072398534,5.0,-0.28327632944163195,-0.5930147097166856,1.8624965715418869,1.919716290825156
-39132031729068.65,448744546815396.4,6082060091391.949,1.148014206330058,50896621961331.62,-281813240014406.9,-0.03657926504255928,-120717665029972.67,-3350984654847.974,-18412445.250716437,14988272695052.775,435026214669142.6,124559080979463.95,-67932477297132.414,-23539414884147.58,107493708530073.16,124086650724779.3,-0.8728223904331764,42921748.328768656,-39776.979219446424,14460689.682433808,164377.08794615965,41279911.297071375,20843931.22722734,1.0693448946472706,-112758.50445408945,-1531.903399007316,25646.601810593802,-743.4450446840781,2314.7969899896675,1.0752464575478047,-52537.43702266263,0.9727304822223164,-50738.711328479476,12099.995032397006,0.9923512466283665,-0.07015619014825085,-19605.74906174083,1077.6747271887866,17857.48405352372,15350.834229867798,-69.50401186689243,5.011984245432132,76.92927836976658,24.22334137899844,-67.23183468966945,-0.01828853390693652,-0.18991820155418174,16.796357963797,-7.970896421564137,-70.66895824476201,0.9658020256185752,48.35695868161762,1.6343868607508254,-3.0546609260522195,1.6092359089675958,38.06887788400177,0.04260984584189071,14.40412652754804,5.013324207357601,9.097291260577554,-5.422105449691023,-1.0039567052893739,6.426822783520094,1.06796284300068,-0.017458148059386655,2.297876794048023,-5.280389167241656,0.13019899676091481,-0.22507334586247638,0.4573812070203614,2.940534944080068,5.0,-0.3704127305385057,2.322404485330222,-1.0577022806313525,-1.220475915824148
-211679216737.53702,2427417817420.9976,32913524736.08366,0.9011653641438404,275319158979.30707,-1524431309555.5051,-0.10165498762374602,-653009197536.9409,-18126610431.857788,-1363602.402196972,81077135737.7705,2355180199777.265,673788024751.3474,-367471635652.0651,-127333169263.8076,581472821193.9856,671230110533.1008,0.9487452558162854,3155893.651450311,206.0394094283967,1065055.910748486,7352.656652513015,3027814.247920059,1529219.8150340563,1.0125939960850845,-4362.789658024085,-60.805195544358114,1921.4929649238475,-28.12399101079566,126.32298552592448,0.8650091108182778,-1807.9958494926404,0.8853099227264807,-1749.027001107533,817.8039642828425,-0.4784246907634074,0.041734956575187394,-964.6184034576161,51.478797239802084,252.3547527122868,755.0658373537375,-20.237476361061653,2.3863166673268776,17.60893750250625,12.426906063837713,-14.586416891118578,1.1601645616712017,0.12243104912955156,1.497716007814507,-3.347066453624515,-6.403452915434905,0.9982907462954707,6.927878882959644,1.021396865075311,-5.6405423966851895,4.341264156659519,6.0431292819842595,-0.05889620263407408,1.289971991879114,3.6095530883259332,-0.03180397967625985,-4.158187020360598,-0.5992319749666603,2.8721707220069916,0.18807613627895772,-0.08912209151837751,2.0632729243598162,-2.1538935300840496,0.12474851308627855,0.038171720486831595,-0.15526436474396796,1.669545993909742,5.0,-1.1124751394745227,0.4045460506907605,0.09835415139391014,-0.012754140537198894
-27905450.582824945,319848723.4992533,4880716.433907351,0.973882828781656,36294299.39485254,-200921878.26227918,0.11401360445483588,-86126112.2321335,-2388203.5084114573,-13590.626150128668,10687704.739878723,392455970.67716694,88847099.54537798,-48435193.68188423,-16783622.797437914,76645375.31528461,88470718.59413534,0.265739240604113,42266.283925963726,-707.3380253415521,12469.408160840321,3505.193806760812,42836.23276846592,21298.748245055904,0.8805326678753065,-2455.0103036075966,-31.363687195290442,680.5767267355435,-16.69190210332782,31.117842540403576,0.9041386182203478,-1173.5110451378769,1.1591279830817218,-1125.204515509503,294.259104511153,1.0305535217340815,0.01623933601555427,-484.1864426075097,164.21460657643746,236.7398472954022,377.3456213400469,13.701831899191696,1.116783401281056,-0.6175682113557881,2.6351527624519027,-6.646084649933222,0.9502966602669346,0.10248131448460772,0.8346151529704164,3.2126923514517656,8.665217596771708,0.1743493431602711,-3.7161535036822406,0.14701009321066727,7.5117672244762135,-5.109894441690529,-5.339464920292345,1.043948493916869,-1.563672068792891,-2.3570484989124423,1.2307932580831977,1.9948059370429274,-1.6224422184083591,-2.199233878512938,2.412856108561926,0.13723746786559157,-1.3008100622197956,1.6701104959546043,0.8771117656655992,-0.20240075022200182,-0.01292540322916622,4.484251538312328,5.0,0.5861764490243334,-0.6603591208834737,-0.2734229791289221,-0.3620449008704227
-45133937925.69983,517569793506.81287,6994703360.198895,0.7156997046730809,58703431328.71239,-325037631813.50146,-0.10708475847066112,-139234756315.58685,-3864911871.9663115,-624128.5207430163,17287199784.964462,498748165655.27216,143664964870.5467,-78351893695.1207,-27149796879.44146,123980992406.23,143118936772.81097,-0.9786863339809195,1453452.6399005014,-2270.146216726299,491396.20307724125,4274.927782904163,1398972.9347138063,706700.4620016518,1.1463341758584111,-3173.1729950739705,-26.591810613513747,237.6655040729124,-28.05524407479373,10.500716465438174,1.0206121239710295,-1999.403077130149,1.1104802624675592,-1921.7843255065034,399.1347243297123,0.010970060602435133,0.02227551734689616,-271.1660508421837,336.60506520378414,346.13876790599153,223.64287899905582,14.493594955184413,0.8693063314564198,1.1719026540090873,0.6381630882180356,-18.629517050940493,-0.02548425467547056,0.08804994798875035,10.15256268145354,-1.0522036966684083,9.065131490052613,0.03910587632067908,-7.181108409652911,-0.13208885405998821,8.797345498668827,-5.4128561050710315,-6.13535054426293,0.9789331246263153,-3.6367707653018253,-3.586548218437123,2.1328992325590144,4.118032140877075,-1.9703243401996708,-0.4085080622544688,2.158765306031456,-0.06949851701837538,-1.6916323299418958,-0.18007630419068799,0.9764009680173343,-0.2787835707433509,-0.036138451723196546,5.204320928712949,5.0,1.2062809981652896,0.6827818121499307,0.31450121402884557,0.2948127642195673
-1843036285040.444,21134915775876.33,286303027200.0984,1.0618530585984043,2397126225821.496,-13272815276191.45,-0.01426862106054967,-5685557684869.418,-157824155648.1182,-3980177.6806984995,705916522224.7382,20466684115333.027,5866478254957.73,-3199477680154.005,-1108656881711.5857,5062729010624.9375,5844221850539.542,-0.16097135826817927,9314015.055699343,-15076.695536225901,3137499.0627838485,42342.30499331844,8970961.263104372,4529698.40929053,0.9865494078750092,-30092.123553215974,-362.55483757410883,4813.663244560989,-219.2085673448561,521.5719773930027,1.0757167659794324,-15530.591965887275,0.9733160958578313,-14987.575148171874,3123.8486136995352,-0.9944982527694897,-0.0664301824659038,-4368.949396419448,1068.0305184878107,4640.82744385886,3395.8746754204935,35.10868030078794,-0.044660993193319495,-24.19351021222381,-3.1095317015526724,4.711122425728908,0.9474904396426707,0.015400089718134533,2.0665194349474305,2.26158946994722,37.35380021570078,0.3093537313829702,-23.51696598548809,0.04484494992272971,8.486765374803316,-4.951080162062024,-20.14873959420345,1.120357881563303,-9.111903970934227,-5.596042562179095,-0.14888360957854277,6.171863098478322,-1.9237076446515495,-2.7959952010669955,1.5322805398186212,-0.0017456154634055664,-2.5269431854551354,1.8876268188667173,0.8471872074008058,-0.10725285620159523,-0.6820985939384319,5.81493159966502,5.0,1.3047958707387088,-0.24747746288111167,0.22920890596358715,0.2663182826300282
-49305410205.49064,565405982623.4558,7621059584.0324135,1.0619790191265364,64129040572.25541,-355079011373.9408,-0.049673349543420696,-152103344027.8468,-4222125311.8532815,-653101.3175836146,18884954738.855946,541868647484.8424,156943037527.19095,-85593513370.63086,-29659100097.34708,135439847056.99516,156346607480.3873,-0.7722569048968827,1513499.138053956,-1922.6814358494817,512873.72963170975,1722.5822714013348,1455378.3746400047,735355.2057668404,1.1813262757580785,-1489.2795964493744,-4.217301832569194,-317.5879199054513,-13.706309098631596,42.62974238800158,0.8409466899643175,-1031.8319369474555,1.0967602299961803,-1001.517890336507,41.375936145802584,0.3842631380241086,0.07423435278252258,-19.337891256894277,111.37694780231706,404.8272699754499,0.3397669406971758,-11.882620351435946,4.224942611692424,-5.913324636184735,11.058428263559039,-1.3057346145932522,1.0060172021526064,0.0057194009009306004,-2.3191279288825153,-3.4362747240593077,16.21972917592194,0.028696661022298942,-5.696040067824483,3.218875201353478,-6.952472777795128,6.452409307209391,-4.636767097469327,0.09875642974923486,-4.326758961485545,0.8939409028210948,-0.02361429799809918,-0.10438284810160536,-1.03438073215701,2.4867193531851743,-1.9741135901260838,-0.02980375627610706,1.0818014083897798,-1.9644406154878882,0.0012202487900947962,-0.20793819289105925,-2.2230807762571394,3.050185102443472,5.0,-0.26483930634876035,0.7381601880026529,-0.09091021357342881,-0.039691450255569465
-2451337866549.027,28110583147771.934,380531179520.07715,1.1650014101518589,3188307013107.6157,-17653561255883.094,-0.1632520744340237,-7562096896329.972,-209914675199.93192,-4629504.865537785,938907056334.2527,27182267659901.63,7802731612307.838,-4255478149610.01,-1474573617751.1528,6733703034678.944,7773130782463.732,-0.5504492091906857,10721603.524119884,-3010.0552154898205,3620994.139733158,22162.852301051713,10293841.113110919,5199041.192560516,0.8483846105921846,-14979.277087886212,-228.91068638636906,4550.849924440109,-87.68568698441028,363.7288517323099,1.0339666229560942,-6218.529115060834,1.0696582340256346,-5999.362153514367,1580.8050230198676,-0.41094855392689306,0.05787362576484633,-3203.3610213591523,33.97938964730694,2264.910556907489,2527.030733227105,-25.0195130241824,2.984939381229604,36.394291605824115,10.97757352256006,-36.56311681837297,-0.10439103275303128,0.15038566619814633,12.675933691925017,-5.2430835586349644,-26.41498277540177,1.0218280475035781,16.07467200412793,0.3109172356726059,0.36619315424795884,-0.5055983921439217,13.947474766443747,-0.05995369637541823,3.8938462444479094,0.6746865381251371,5.798025762058867,-0.29220299811568007,-1.1950567048474505,3.5162006645255923,1.0367849964844171,-0.028354637708959678,0.9609171925166562,-3.0676262097932185,0.9287280037985007,-0.07064459257273539,0.2162439386836805,3.559115331341972,5.0,0.0630715312579001,1.678754514267806,0.6548362583524796,0.9178176249883266
-4529111.238763764,51618656.36697318,600387.108410718,1.1111856758303174,5847545.6165622575,-32413467.040803887,-0.06749686274075746,-13930547.09710409,-386780.6979243802,14251.955292990251,1726242.2583048895,4658483.609126668,14351387.241791721,-7822323.717169482,-2715749.1063630222,12386763.446686517,14283399.686850239,0.5926230172055191,-472.33105290110456,-2504.0754064237653,-5120.054147118033,9636.865364859594,6756.439464312202,2665.106220631127,0.9349325201402107,-6595.608486116323,-84.33477659855926,1470.6475779295413,-45.518118448385515,104.8710393145817,1.1274280385723403,-3259.1673391359795,0.967029616356012,-3147.287391495926,780.3579624519933,0.27834482062977267,-0.16320162416610814,-1053.4089675486941,169.0777116314682,972.7562038032983,831.4523275610134,-14.136774779650267,1.4764314562859877,22.79760904265676,9.34496725457288,-16.184489112026515,-0.06117073163356538,-0.1115498256718569,1.2113648887498827,0.17301814421433595,-17.06328050930888,0.9851419299488013,11.890673611020798,0.4281749594762508,-1.0695827232310244,-0.29236373925439685,9.45049261697913,0.034884135280875785,4.5458837206078595,3.6240799279179217,0.15810101555138753,-4.600943740390566,-0.34910903013670624,0.9880400657232662,2.4853433519815216,-0.022471189016912637,1.7940122572441242,-0.3882840112679958,0.030439521346618415,0.12050238589883866,1.3000720591344352,1.458966694758301,5.0,-1.1488560633227463,-0.3892448501689341,0.2487387846472316,0.5207545614183892
-6177513283.840752,70839817384.24065,963372543.9662638,0.8724859143724506,8034899925.768585,-44488382932.55997,-0.01616018914208799,-19057615667.74441,-528985056.1428069,-233846.19642157078,2366131852.0873337,69148827677.22653,19663895517.662655,-10724130152.626968,-3716013961.5980883,16969447223.738894,19588882830.34308,-0.92742395173816,540755.0202154728,427.1752301723937,182110.28167858778,1501.5279914179318,518201.70795847796,261652.58243778604,1.055326968015562,-826.0385161099265,-16.120607610346017,572.5673426078985,-3.4443805493367163,36.72608580507907,0.9270065995637979,-236.05019417343533,0.9802622737259279,-228.9704655635363,174.98954598540922,0.5773811513993513,-0.13702025154778621,-268.79359532093247,0.560394028895395,14.435647380725039,215.4065950954618,-10.483380236991222,0.9219427921261086,11.572023444409892,8.995069866822433,-17.12389874676245,0.9879947230433994,0.04571870687348972,4.495653810957601,-2.9278399911846145,-0.05818532129295573,1.1532280009055005,2.8204370896769126,0.6181564246499869,-1.6771700536382592,1.6902447498975885,1.6720425428658305,0.01745757028917806,-0.46642514723664946,1.3484795589290892,0.31661165413400183,-1.7640578533897417,-1.0073693591281845,1.8363466281227139,0.6164708739020692,-0.13112306767205367,0.8774953166309502,-1.5337269570645695,0.03644870467213557,-0.07609956311775384,-0.23415572180869235,2.9560184720554314,5.0,-0.3005260324365573,0.5953324773455956,-0.2963830511927968,-0.26990631505843377
-33809.098527501825,362073.2338157153,8226.353797707921,1.0574277708544195,41909.508714684125,-230684.84044752573,-0.08966933898285512,-105357.83094234084,-2760.9260077420377,-89.27184632632272,12538.052935208005,925631.4629960614,105786.50817593266,-56153.2213105105,-19771.243831388474,89797.97923033447,102411.8264990688,0.8633690032684366,2481.568944511128,-230.48140887939505,617.0574703244167,633.6700337125916,3035.241921721257,1466.3403273754861,0.9905184244116498,-533.9525395882415,-7.998185154486281,163.36406400545343,-3.89918912670746,2.854315837986985,1.0730110267317006,-308.31131638787605,1.0163490583357035,-293.08164339366465,52.42132101601763,-1.0913410263138557,0.028471422347413802,-114.01194681798428,126.36720792806346,27.108261783824105,103.17349280430037,-4.430001154076808,4.360618524880567,9.897181160458077,7.239448653562222,-25.630551145599988,0.03865085796818323,-0.01593887353371001,9.405695745091867,-2.5925453664882125,-1.2199720499390938,0.09903563686737007,2.5641302459804627,2.2340676779105286,4.583215834185737,-2.799482644471205,0.07610863680516315,-0.15216495986819137,-1.0575345649098733,-0.776095556346296,0.9076294551604819,0.4757787673363379,-1.364880299671213,1.232483992975602,2.182934330048049,0.11744418518519568,-0.7544601008481274,-1.073181294854424,0.9389006725377602,-0.24248684079494165,0.3649507665424174,4.676625867543731,5.0,0.7627514734732213,0.9512044879660396,-1.0621813881079953,-1.1293109903087788
-429548374135.301,4925820146432.797,66509987839.767456,1.0800590709489961,558688539232.6885,-3093438693391.6255,0.09820724405266683,-1325111159135.5403,-36783329279.97529,-1928688.2671468153,164525017077.614,4737903402971.706,1367276906198.4207,-745688607806.1376,-258389808291.9592,1179948643090.0051,1362087844953.8367,0.30562586362975586,4477011.720097609,-4877.2236778947645,1514212.6095118586,9130.12603869342,4304775.093578991,2174761.1715477863,1.0015976049596427,-6772.874217680281,-60.33690041881014,292.7278350921725,-52.02226134606852,28.667503961514292,1.139044071608397,-3871.7230711827797,1.0193978489390132,-3724.6349547026507,554.8806271340876,-0.8669121412086057,0.07234937993728559,-583.0990458409996,109.07007198426007,1511.4796189364029,457.0635258347765,-12.524492821423946,0.7800139104909404,21.990486883954723,8.83464539953217,-6.931761659923011,1.1693635838989094,-0.09744850958870505,-5.956795817880287,5.6809986766535845,-19.411809107904837,1.0977482355233723,17.09351478691429,0.055218588520668535,2.382548825560934,-2.816875478376983,10.711485516406128,0.8554343043271132,6.252339436771216,-0.24239427445037012,5.260876942373428,-0.6021390290777443,-0.8695036587792747,-1.94914712004632,0.9190795350999417,-0.006568593407029914,-0.19736663962856713,1.7913131671440976,-0.0342456867118662,-0.2588004536047557,-0.8720899210772701,2.3114706584849842,5.0,-0.5704875603226653,-1.4967850444448236,-0.05167010142247299,0.03360747352809122
-208826897.88605604,2394541541.0596504,33324768.04055429,0.9729363335110613,271635245.13620055,-1503918126.1829553,0.051380340441642164,-644338644.5510069,-17879799.978852123,-40893.39436318102,79989222.1180415,2451265004.226751,664802954.2522143,-362526277.29229325,-125615583.2453618,573650368.6366205,662195424.6493745,0.5983682675068168,102931.19576500777,-903.8422106732003,33901.86274342434,2554.127810437266,100849.54336319919,50764.52774054117,0.9567058840427067,-1724.208276260656,-18.588472098848534,383.29744397375737,-15.729766991299998,69.79945327908656,0.9749961868323677,-1056.6079807279048,1.0449700253634413,-1023.5398859630312,295.11936841648577,-0.9475140546101197,0.13436231715396404,-243.433918777695,280.8753217279198,22.256322961624665,177.49108428471524,-21.528843936559767,13.150296495684513,-5.377354815228234,12.138054676339772,-8.762097379977167,0.9922598959386947,-0.03140530894001662,0.002008853795574618,-4.43610144892997,10.21943742242757,0.14011893246949522,-1.5675986989423254,8.362823677545807,-6.028044442695018,5.834937854227689,-2.1457517698810458,-0.22709760511010813,-3.4030230508796766,1.4123678394971804,0.040109731843328666,-0.7387069944239057,-1.04218985806747,2.8579996941984276,-1.232112589874933,-0.13220931453891108,0.7949061327524412,-2.314729483253632,0.8690505578494525,-0.2417574754010977,-1.6437586130981516,3.568376133947066,5.0,-0.005620321410666863,1.1035700355725295,-0.6885691855623786,-0.7329783933558798
-976085567594.5651,11193202577138.508,153292963840.06616,1.108365764267025,1269536044237.1438,-7029380506436.201,0.1766377650735378,-3011115517611.965,-83584778239.98683,-2839754.274263248,373858640042.2227,11085617074447.648,3106931667537.706,-1694466907087.237,-587152779743.1425,2681258587851.97,3095142825095.19,-1.0692407634088155,6882621.582687548,-29652.767031055795,2283093.0852124183,101501.77261415153,6680981.053578322,3368005.640763854,1.1181259474754424,-69799.9728690467,-838.0391062767799,13887.717664078289,-507.05391163287277,1257.7203308035694,0.9674570431981192,-35450.55539326441,0.8493415540096884,-34221.56258359691,8454.413139033812,0.16588488747585525,0.08181614212976995,-10614.375082501807,2418.27710408509,9313.196609476581,8263.93851798252,58.814137580398125,1.1288107233028117,-43.66382789939556,-13.113034399451237,12.87321845509469,-0.050568455103824655,0.11454546546455147,3.890921135244279,4.948001829524891,51.24067852564879,-0.0024985578106819714,-35.88199628125621,1.008983276438343,15.623367207146414,-9.973047090369628,-29.799001579081843,1.0868238996030772,-13.04301173826989,-9.252483993469555,0.14216576565115918,10.24639214599672,-2.419085108084402,-4.998855926147167,2.5408811058813288,-0.07245191554494855,-4.243960303702506,3.4141804625542638,0.9846725263310742,-0.32537482147018093,-0.7735388908461284,7.0708755010736635,5.0,2.020518094320386,-0.6951862462742222,1.233110418918321,1.271153498994137
-338978373.0436317,3886900914.849134,55706599.87677515,1.0479235873505262,440910471.2699459,-2441167604.1568894,-0.05526621522441123,-1045864925.8734058,-29023804.13994846,-50646.28767718262,129838241.05301133,4224924636.4779234,1079092464.501597,-588456794.0015602,-203904029.9412465,931156635.0786417,1074882119.016316,-0.14157373736081996,135852.81058109467,-1136.2929909426393,42656.986522171675,6270.462620964924,133934.8260479408,67234.34072831973,0.907410839329412,-4014.5833406726774,-49.623467688707386,1087.1596740344407,-28.505679864119468,70.80643517026556,1.1156623275614388,-1975.7502161559719,0.8738113665171385,-1902.9614272978806,607.7488134291523,-0.23960750950501433,-0.04853511066854496,-621.0730326915221,52.48170798564944,503.20748063532864,485.9083287473868,-17.979727157909583,10.441955835971383,12.639419309765602,12.233817989167772,-17.606785838352064,0.9395779030989964,0.4901438955296837,0.7767353009589885,-0.3421173877852695,-6.948018584200948,0.9111504820813223,9.61019283923112,5.617881889749981,-0.37829708158905095,-0.002502252547734323,4.766705162669082,-0.11280860365424772,2.1609489584334765,0.8250931519384234,2.050538579088994,-1.1820699347791077,-1.0708252923559662,0.10934544001589983,0.9570914624069243,0.23574903051007864,-0.12084319990458717,-0.3504845729095771,1.0860264583813264,-0.21117248097438204,-0.522896340115714,3.6237389741703034,5.0,0.07784368675041059,0.11064407284833899,-1.316491749338816,-1.3947935164764138
-424876756.6272181,4871953933.135928,67006720.069404975,1.1016538217957277,552640644.4258167,-3059799120.9345126,0.029802861548405446,-1310877213.047713,-36379579.92730596,-54467.993634368344,162740359.08962098,4866779585.842272,1352529750.7516363,-737580806.6858635,-255575470.3747142,1167124488.8504713,1347275674.2805116,0.4230828887525164,145775.30194462623,-2070.1450919964263,46884.72114299956,5278.784705394435,145304.8985423258,73024.6847458472,1.0792192975901,-3946.6368830374713,-47.66294974897449,552.6286610118236,-25.83347218764118,27.82660427320507,0.7764426041281405,-1954.6738377577915,1.0344622972539361,-1882.965274868252,268.1636831954502,0.21125217421480216,-0.017880855444471305,-584.6977235171893,33.477895394819484,876.4474326855016,477.5912712331485,-4.865576610681481,1.110830366207707,21.8178219073854,5.623896985057156,-26.48283074547781,0.07732080257980622,-0.1248004446363985,8.00344615251545,0.6860910893122762,-16.976012741558524,1.0838395170768167,11.223741359805656,0.35299689978955096,6.227210035917244,-5.334878454882457,7.159094662503281,-0.06360106936845196,3.8194710629328474,1.4387078032641314,0.4219711912071217,-3.040743765448259,-0.8890105242452458,0.1852810021720599,4.097326921867562,-0.025089208029483036,0.28132478434177755,0.00644524803711552,0.17897386346718497,-0.1799340724952037,1.783895209174368,2.88059206712921,5.0,-0.22825600750810954,-0.3869526012545879,-0.483246856810041,-0.5479296229074165
-9407805869.586304,107882963078.85507,1453086848.0831296,1.0786628211204479,12236390515.217823,-67751773617.3489,0.2318108723856986,-29022861955.983402,-805601727.8832277,-285127.36381242564,3603401369.3319225,103231507678.97205,29946205276.18344,-16331882358.87532,-5659158827.54752,25842936507.2238,29832101809.41698,1.0244830077221905,660871.546415243,-1070.4728512991217,224278.24106877833,594.4702190491646,635886.7300848027,321304.80721628276,0.9760254276809506,-684.6338708686527,-1.7918018819608998,-169.85110876703925,-7.802953924337897,12.062818890382994,0.9701369967168254,-581.553977394908,1.0663923332118828,-558.4979549168638,11.942429752874915,-0.9062911289789168,-0.12256331209081668,-8.186836701867534,207.25775827499146,105.33164675890488,9.915333216628202,-4.602903469359207,4.770213831359238,4.658193695280109,9.203066856944643,-17.91537086845282,0.10669508167685955,-0.08571944570526462,6.237964262615776,-3.4517607302073112,8.09089548244492,0.11162475135540902,-2.695378928182869,2.1765071835769483,0.28594279976504167,0.243088934948906,-3.1516336645807193,-0.10980826901867874,-2.9401451925605913,-0.6524793945557952,0.784453718223451,0.9696231573382633,-1.4843884459697123,1.4264668729928573,1.107292053940952,-0.1153938685109541,-0.19006893895913993,-1.3666289515548677,0.9612940827958342,0.1292174056868438,-0.03481130767250444,4.685704568959284,5.0,0.5645313326415623,1.1820484095446029,-0.5150960720826003,-0.4475989195517935
-95496472142.18729,1095098329701.4733,14983400448.09909,0.9638924902641858,124207016682.04787,-687728544737.0669,0.09744244669068924,-294597960273.7645,-8177577983.892122,-898267.5356729055,36576978636.43951,1082453496835.4224,303971831104.31616,-165780333997.67584,-57444777974.548546,262324371518.51703,302817243743.995,-1.120795843557076,2147669.844130364,-5340.728838508182,714394.4119141132,24809.96203679314,2076300.460830881,1046899.7171395294,1.0315724122789474,-16933.88467322254,-231.4346810772566,4275.55573140682,-111.00909164065345,346.8280993789481,1.220667813133025,-7861.105313009368,1.0819837648641055,-7595.226346478428,1923.2653767788454,0.5326724984443222,-0.015388544281522221,-3084.3156761351893,340.8365899234425,2436.0747646971645,2430.0405184614037,-24.297851024234397,0.8867737437553836,33.834324864067305,11.07484403589735,-31.648507063184578,-0.022917638219112524,0.1913045808549217,7.944398856775731,-3.2137068513843,-27.216572242548814,0.9296517407850262,17.924183449296102,0.015559396390526411,-1.0622507375279635,0.4642468264220937,14.694270758789045,-0.10514330094113422,5.904069419854555,4.828242531569881,0.5281558571825243,-6.07035742044636,-0.5140720318653087,3.120297025743924,2.321017160024731,-0.15942360939932726,2.2048370016130314,-2.317345792628961,0.03122756192587019,-0.23664400710099268,1.042826521662406,1.4216418208954766,5.0,-1.0766918413464166,0.4136140456274389,-0.2314262880660563,-0.2460333472476155
-50558560.359665304,579309625.8093268,10036104.116623938,1.1681434024348187,65729017.19014341,-363896736.91438156,0.19394417703527594,-156008305.03712785,-4326437.0628971215,-12315.427208273177,19358946.483289134,947914421.2058336,160922377.42337254,-87728289.39121369,-30401980.28599188,138829808.7556577,160238835.0816339,0.5901233112826089,68513.48235891874,-3148.28140193973,17227.23102273891,12569.088879946008,74435.80353375625,36734.0456411865,0.8916741136267696,-8374.269691979187,-88.21957403285056,1932.4904262150524,-65.30833242621613,104.99420046191715,1.1082300903445272,-4472.724279309216,1.1890856333513358,-4307.895367215506,1299.209826689904,-0.36527046582773315,0.018752566126715386,-1207.073538753651,505.9037034488424,685.6629348965815,949.0699292454129,27.395469440502268,3.5041018422242463,-8.365393542874154,-4.237100398867577,-11.01415872953564,-0.14454638313117876,-0.08052919219636011,8.601002514598521,2.6562829308128912,12.449419089904357,-0.03608733777174462,-11.366339632276409,1.9225633621911777,13.048812862205516,-9.321808660953325,-9.691274195708194,0.8699953693799619,-3.823395847627451,-3.755025159067614,0.45061971633602604,3.1660155173021716,-1.6627647043259954,-2.2527709991666875,4.34575407337128,0.07955621871247875,-1.9450609438377144,1.5740932869109556,0.9470512310058538,-0.3010989109520564,1.2523867979033658,4.975016866693818,5.0,0.8570274214039307,-0.5020453810757212,0.8243489197650473,0.7164977320941673
-173357460.39783543,1987437717.7941039,31428224.13309642,0.9503668382651885,225456418.96199238,-1248261378.9125805,0.07000201410155768,-534878737.96210307,-14841000.006299147,-29133.171558883187,66394835.3918052,2637520394.5717316,551836736.2186419,-300908007.35773,-104269668.49640732,476157077.7098878,549636337.2083546,0.504771857358996,110419.28186585267,-2935.3105803011513,30244.675138295766,13688.166020331515,114579.26888296296,57026.89654767621,0.9052422289251422,-8763.187398758138,-103.10931163568472,2084.212677087697,-63.51916378443632,141.53363242081736,1.0329689454308222,-4417.320759699871,0.9893377334385511,-4260.0913094870575,1325.213017132463,-0.5769145984740293,-0.07033655470196012,-1211.82494041156,41.05964545038284,1163.388161419534,941.5515142987942,-24.85693087282734,5.466467396410901,19.22253698003302,15.100793429313121,-8.7392022916866,0.9940543457054267,0.09327717594303749,-5.853053756519957,1.498632032193485,-13.735334945525041,0.9126599979965044,15.132422078347087,3.0070527693697815,-4.50092168037706,2.3929352856546373,9.690705872520702,-0.016114484507380813,4.54734304112509,1.7114863716514512,3.5788223768061886,-2.0242829546073144,-0.6048626583813205,-0.001887422245042153,-0.3983962139218684,-0.08517124003028034,0.6916642036357368,0.06736371090756346,0.08599902342047108,-0.0471049220425393,-1.1373152694868316,2.301378101103456,5.0,-0.6312725959473626,-0.46848061286295284,-0.5292485620008537,-0.7621612698832816
-341352820918.3711,3914442622126.6743,52842528768.105484,0.9782585144372121,443977886938.04553,-2458289333639.031,-0.06944197217267795,-1053037837789.7589,-29230907392.002117,-1721493.7666831666,130744508979.37228,3763400125766.8022,1086545934009.7715,-592582718281.9053,-205336807853.852,937679839594.8398,1082421951474.4653,-0.7768043012993235,3989534.674424096,-3955.2647388186797,1350490.7818166683,6189.561221821915,3834792.106239549,1937333.3014761158,1.0129321143863232,-4882.912464342534,-44.65629673128575,84.57450836359511,-39.86271452914605,56.73391835121791,0.9219192342373187,-2918.595475148899,0.7677303529008974,-2813.73824880546,361.94477014171696,0.4366173676439214,-0.1005617605684771,-467.72439688185545,361.9613487428745,889.0351153224242,366.2188028977545,11.33409491259762,1.9775715671531326,-3.473994341244552,3.0428127217295295,-12.2602918706248,-0.17971430743715514,-0.005159126396642545,5.774342586757633,-1.3229148526760874,17.106459549573717,0.3714479576158487,-9.699134359688934,0.360784824201068,4.424609831389399,-2.2756572899418566,-8.472931116493076,0.9863501611730845,-4.588211249415829,-2.1813363675414057,0.16853584127284693,2.415800278189623,-1.8531751710400188,-0.4356041231405686,1.7082805975303876,0.23817737803647054,-1.0418704499451774,-0.1323860107030575,1.039555654259358,0.03286330301184104,0.07492617087146777,5.019560720155502,5.0,0.81464514014283,0.5599379691535196,-0.18120859596826625,-0.2389955273000834
-1065063543.5393283,12213340032.975353,166677375.98364675,0.8905510826619815,1385340388.8160236,-7670323268.044748,-0.2536214897695723,-3285894786.184317,-91198999.91081212,-97472.62605271098,407951972.62024033,12006897544.992477,3390389391.234868,-1848963347.6604345,-640677799.2422158,2925728357.0420604,3377348329.68372,-0.08920808298277398,225676.86832011768,286.58586142644634,75811.14525754095,899.4891356641895,216234.0492220023,109122.52600605009,1.0254771197317365,-604.8040164394642,-12.111801330723566,395.3980277549761,-2.504606121114197,-20.64310227361957,1.017371798482031,-187.7685741439166,0.9003233347462312,-166.24040972148723,78.55810244039981,0.5372645129401117,0.18981729083440044,-216.7126552949958,49.79203966547762,15.261194670906299,165.14504773014409,10.675598285913622,1.976589846354254,5.549489285478727,3.803193462233743,0.8114032109667417,1.003376199705469,0.11432371207519437,-4.904871956712131,7.147174028446965,-2.2933137215364847,-0.16813409792457754,3.25079941528464,0.11135028382345384,7.861704568830928,-6.624880863008369,-0.08357855565035033,0.9325209654086486,1.8306865840645292,-3.405610085897629,4.466280279834529,3.1335698335690743,-1.3055763140895136,-3.760008676344351,2.0672776903285865,-0.2200630804036522,-1.5815706357910788,3.05757850544506,0.9739380147428421,-0.11070424260192765,-0.29465483466802816,3.8202195972612585,5.0,0.27003706637090363,-1.5306217145289964,0.48297507540920726,0.7454619157871383
-2949234.347725449,33739621.56098895,483489.73304762354,0.9985103426353864,3831445.2625059322,-21206420.485055126,-0.005727888463967415,-9110106.87571761,-252068.59505929958,-2331.62359022899,1128652.076294817,36475328.18028605,9389264.788425686,-5113639.32316833,-1772198.9439498282,8093686.580586598,9339876.372510841,-0.6347062610098837,13453.469797450647,-819.0066148654829,3560.515100460588,2017.0309712442697,15178.079642831419,7499.84919340287,0.9863732484883921,-1594.745365472408,-18.535795314644105,216.097450652935,-9.520753917901898,-3.193392399015594,0.8537073192521023,-753.3296342957377,0.9214722117203888,-719.8916655472281,56.35585906971716,-0.7669843949738903,0.09777734134435101,-258.53541208270485,0.8715175150312604,417.57081067416215,214.9100465841415,-1.8828177701387911,5.315593711080066,12.881202007050295,3.4243058577780956,-17.241662346796378,-0.10164690069279539,-0.025455708751550093,6.929166128759085,0.5428440706931117,-11.577694868577414,0.8348985142035903,4.737692133158963,3.292353879264089,4.79441900529824,-4.359016969344776,4.7605773562434655,-0.024963095989678177,1.9882874197734959,0.6217004122102839,1.3169677151647452,-1.405758929639786,-0.9931135748357687,0.36200287418646176,3.223879049057073,0.0946980095966317,0.6675015912362322,-0.16661493663971924,-0.0257262252885486,-0.07800063263324604,1.3791247675526122,2.544146270196031,5.0,-0.5528097344761794,-0.2904887331047328,1.47687077255913,1.6236018994376538
-338461096.3198179,3881106325.4634595,53204971.92744101,1.035577984996315,440253494.0102057,-2437520721.8847046,-0.14124953516687547,-1044281715.1081384,-28980192.03599062,-52643.84993770414,129643543.52470231,3850398207.202993,1077465618.8593388,-587574633.6697211,-203595962.45401505,929757702.2302219,1073272895.3427142,0.2529897294368594,128699.32359686097,-804.3305875155404,42840.42333370265,2221.8015803325393,125408.31747493296,63267.37681406419,1.016292954847495,-1563.5136871869056,-12.809424247405628,280.7323989667812,-13.757457990826996,-17.121092269702245,0.8785985241930663,-970.2473662754957,1.0073670529836887,-931.0836905820681,264.1335950392167,1.0437349214890037,-0.11845708740194612,-162.1397245858228,191.00819338121158,78.06571152053066,142.31169208659747,14.455439922662586,1.2284572089996975,3.494602566663733,0.05847055230497408,-22.46779099892277,-0.1629214045512256,-0.19557618901963233,9.699656395197474,0.6992345276395147,3.7287111434670615,0.008108204409437447,-2.550110379085756,0.17204794893454514,11.397218540546463,-7.558312097404902,-4.281872627673493,1.098943216129888,-1.5052896105244937,-2.156332343903203,0.003906361566291566,1.420012830294137,-1.6106880426987527,-1.1974802808931677,4.150216571783285,-0.007961198983221125,-1.580545388949912,0.7936866107732192,1.012112651930372,-0.21909323905646852,1.223287673700817,5.117025452551004,5.0,0.954322933896247,0.02973447947382956,-0.9611826991121223,-0.9918679856897339
-1320624014605.01,15144181907333.996,204689506304.06735,0.9881746131456705,1717656590681.8293,-9510611007470.697,-0.18237391564712227,-4073976912110.7915,-113088544767.95682,-3382396.4480378954,505823189601.3185,14597255439127.33,4203614903561.389,-2292579713528.1943,-794405936399.9651,3627688939594.465,4187666180182.126,-0.9863199476575711,7859391.497443597,-8528.594398554207,2656062.659854448,19221.490003663694,7557835.20263149,3817542.193010731,0.8690532211264239,-14116.173991303138,-159.3752096297353,1531.4867330629986,-106.13956876714238,220.0958320457861,0.9683803245272092,-7592.936491515403,1.00366518671247,-7326.861636265554,1279.1049025660075,-0.833855518804698,0.022328578916630395,-1815.3014657769552,568.2362566610288,2426.206202792669,1406.7545945381185,21.08413287208131,0.9706305509799448,-15.787106423696958,-0.4693968582801694,0.5047785682192387,1.009254046296794,-0.05009991297246505,2.311737019879877,0.046474563117751014,26.956101686179508,0.016961756764643145,-17.458478179750472,0.3486484177994253,5.148566499995723,-2.016947043094161,-13.906197487808834,1.1973736259892702,-7.324861303621113,-3.0993275782075673,-0.18975651567554674,3.7413143629171115,-1.7062518909535809,-0.598052258022142,0.9759587850356733,-0.06527291815746969,-1.1022038862250638,0.3329723022286624,1.0457776279225848,-0.21484349339866565,-0.875279941576555,4.943843190615209,5.0,0.8186034943662054,0.1810783308945714,0.5497282428408903,0.551123676185134
-2761693715.1727953,31668762503.70031,442980767.8741909,0.8670896086387017,3592035516.353446,-19888600302.21304,0.12347158606692853,-8519956009.282883,-236481359.91677922,-141131.36849326742,1057789689.3399873,32772237391.959694,8790917639.925032,-4794249293.481572,-1661253164.9470396,7586248293.133139,8757251770.180634,-0.5540025410456666,378277.3757831168,-4886.191467254215,120900.30822371843,15033.860508858192,375889.1112041213,188692.1343321946,0.9494234623529234,-10674.33962516585,-132.24320730654586,1940.762033973152,-75.92498587674466,188.09980643862983,0.9438321572532063,-5368.864804747904,0.9832953715577563,-5176.1949023031275,1104.6612054262018,-0.6072476299003304,-0.042035686713148696,-1685.5884427222074,405.44695130972286,1570.4123215624538,1307.2591174877978,22.662623265519066,0.6535108621061821,-11.189770681135608,-0.14763513898004976,1.4367349868447745,1.069289821556622,0.1259946503288017,0.7142904079632244,2.3237444098564546,21.047983723017627,-0.16810678752007618,-13.695597618039686,-0.21062919365740512,6.907853831182408,-4.00648789559439,-11.380746760722856,1.0873568919162506,-5.233998967415189,-3.3346531469640155,0.5183104610765997,3.480544103907405,-1.7704808557605443,-1.6661375789078654,1.5757641973982015,0.15946268478152015,-1.418607843298668,1.2534321903713799,1.0556717566308016,-0.3064457584152017,-0.634657760638923,4.574150281871436,5.0,0.5839324256447266,-0.46607347819397915,0.6688045317857422,0.6199815649619168
-13061677.698803214,149516868.8840488,2661702.030499193,0.9703217711846613,16970335.79835909,-93943485.26376066,0.06733864044957757,-40313056.550832525,-1116836.2330617984,-5602.380255198935,4999299.770574339,258909605.44415593,41567583.738729574,-22650927.472408537,-7850713.397916822,35848892.8863783,41370410.35751773,0.460294098691591,36134.45811048037,-1837.6359415388772,8812.493021394292,7273.801662818699,39744.13463311092,19590.268353093954,1.1252272001320895,-4850.971658137547,-50.232007649748226,1103.5925904718433,-38.205883086114845,46.88691477634411,1.0534724617575106,-2612.023286303401,0.9807952598399677,-2513.6401635543216,760.8401576065424,-0.012663424945202173,0.07941217009744796,-681.3589432442508,297.9975061459484,391.8521985042282,537.4041357200277,21.24443360401119,3.6318255544619,-4.966819031350783,-2.897415217884226,-10.61147463339387,0.17696296029601247,0.15418271203658618,6.923734657974501,1.8763165655892882,9.315947829229358,0.1395864778828427,-8.832436266090602,1.7625208077261367,10.48951705933345,-7.156104687490518,-7.08988345088855,1.1042353541425245,-2.8637384793456064,-2.4383077070179606,0.13087456484186258,1.9685596630623157,-1.5218557954467324,-1.5358357093591573,3.6261463493244177,0.040003014592864206,-1.1897354603318817,1.0777590460454796,0.9159439724905152,-0.24185333830298678,0.9854709959663936,4.1978058514812995,5.0,0.45610374730386855,-0.4300406775776313,0.7520345788676306,0.8776390347897844
-125910784323.41663,1443873400007.662,19482724352.066223,1.0098666124020077,163765225616.4891,-906760912974.5098,-0.10733408959816178,-388422945134.2065,-10782036992.058212,-1044453.1601811193,48226244813.16742,1386868847208.4675,400782421012.81744,-218579145598.30624,-75740169230.40979,345871138409.75476,399260487394.4284,0.38085276804995816,2421930.134541038,-2785.78265077756,819986.7022623792,3848.776414088842,2328708.135076893,1176512.7261508307,0.9896999932285774,-3078.120146400137,-23.263412281786156,-106.58395933397921,-26.295428619696413,27.22449124780935,0.9729569216099744,-1920.2543449997202,1.0147527592407877,-1850.6334920953095,215.6490974589865,-0.8153708945677662,-0.09867537674754373,-213.9064129361464,217.54257058076854,611.149594439605,167.16400598578522,8.06827310585476,1.3721024375933402,-3.044006789585233,1.757634113139222,-9.44001901675506,-0.02584912490290574,-0.05764448667638233,5.4449503624372175,-2.2427459388530604,13.319648947984179,0.07416808186170702,-9.382672576220275,0.1848005704397607,2.8203335742625537,-0.6777191446714359,-6.392529557469394,0.9897754230630619,-4.50807025394499,-1.4073950709166416,0.8233364169836133,1.7009346022236551,-1.2787276989952567,1.0123558012516112,0.8294519825411208,0.10564809370111666,-0.20608705655360965,-1.1119941282454096,0.9775777033093609,-0.12165476683518572,-0.48523548955365586,4.160296633380937,5.0,0.29916367322478543,0.7169186579935986,0.5423007888772045,0.5654826187500486
-80225347351.52028,919976601384.4619,12817344511.95575,1.0660192181882757,104344632398.65837,-577751290814.5128,-0.028901399973841974,-247488071571.3154,-6869868543.8191805,-800297.7721918919,30727829480.296528,944334091310.5203,255362803262.81946,-139269802958.0142,-48258584408.70484,220375166808.58542,254392627405.4798,-0.9501847598087244,2018363.9134082347,-12765.809554978021,655751.2091048801,54419.159300121886,1973231.4616263853,992424.3579490457,1.0545852573782897,-36906.38316345903,-460.51171070683847,8840.249948704486,-259.8264431731678,723.5604202702567,1.0632275723664606,-18015.030197533724,0.8861107442140836,-17382.96372296813,4676.434820711523,0.6556970420174668,-0.013464863810396566,-6282.668150918114,1326.7891739108386,4379.460424824163,4888.814917699341,46.379621401884805,1.418628078756113,-28.876531075909547,-8.127221879198684,8.865889144569952,0.15870550426368452,-0.010964942588233976,0.5214925527799541,6.571402837480304,35.08235727110776,-0.055516124977018015,-23.334975361900828,0.6884718870287847,14.410905749513772,-10.12465994775841,-21.120444248983212,0.9873091375322823,-8.002111859812686,-7.562210007856664,0.7413585704338357,7.664009941451156,-2.1009470631994853,-5.214483654350818,3.1861079916503336,-0.09598698842844937,-3.6495698360188826,4.0244735147695705,1.0063156373832145,-0.10824657804469179,0.0337266691302829,6.172124434871658,5.0,1.5788298623581207,-1.1658559830387651,0.598002384600964,0.6358244419403106
-560400811086.7327,6426363288238.493,86733471744.10077,1.1104396593745542,728880420034.6425,-4035786012802.3164,-0.14810882587778168,-1728776063241.7427,-47988572160.06901,-2199915.793298741,214643888370.45273,6175683571821.823,1783786870492.3398,-972846084663.3008,-337102563805.82654,1539393796750.7449,1777017664076.623,-1.0138549134022716,5112050.296547943,-6366.094421769694,1728475.6788753157,10797.238794612678,4917859.229255972,2484104.593505142,1.0280701553237008,-8920.822786676941,-83.47120072052218,367.8884825170356,-58.39650547177359,74.27820352628048,0.8853134604619126,-4534.468482240688,1.0263127569316683,-4357.582144116626,173.25577931586642,1.1882041083373374,-0.07022084542107013,-1219.5286936675507,101.90024892164047,2427.4236443890745,990.7048431162177,-4.576649044154085,4.941270179138382,33.73737835192283,3.099850932606883,-41.183099521087584,-0.15895186813191184,0.04159803841683885,18.303796671763784,-0.45899203917466436,-29.182001988830127,0.8189530560690257,14.40893991702679,1.45078973471351,13.72290921543398,-10.639517329534302,11.570410731872105,0.9497606570499992,3.98130099813163,-5.903289548413431,11.25662790916819,6.608224903397608,-2.1493445766059716,-0.10612508865803391,2.9310888068088645,-0.011539449112817861,-2.197901154210936,-0.6084236720193358,1.1208630458417097,-0.16540680704195584,0.5509062926282492,6.346356517221557,5.0,1.5459759743149009,1.1248296028111615,1.3379469749777981,1.5327346556363362
-634977730.8045828,7281429924.593544,97785328.0089318,1.1156866922488553,825939337.5482421,-4572994118.132044,0.1107211224555059,-1959068902.0618708,-54371032.05798618,-73912.46748886693,243219272.8131281,6923447861.566005,2021353672.9627967,-1102338039.9718723,-381964291.45956343,1744297418.387896,2013550115.9371471,-0.65086497155333,171350.0933549921,-439.19893341750816,58404.011937338764,30.763234464856126,165165.4113465522,83483.99344456288,1.1473473626266246,-195.50770445611755,0.002229251322908403,-77.23212662779399,-3.2797173792457217,-19.20719024918538,0.9655006438480849,-246.3034438445532,-0.006182347572689745,-234.02801207653158,-0.05322841499796735,0.559820900407447,-0.043270417043211745,15.539539708030045,147.47767973858572,0.2927073179561815,2.1813213910918767,1.0674975530881174,3.2225289728433184,7.061697996750518,5.551050690566329,-26.1975065004587,-0.07705117849300874,-0.038910549425309075,8.540701847919093,-1.2708983242664353,1.7389843498980873,-0.06320316479602198,1.6103831138823674,1.3963979276542289,7.137225904131243,-4.073601828242537,-1.6176911459302854,1.054245633622202,-0.8677377472114061,-0.945388507944458,0.13215948283254964,0.4275916376387744,-1.6836390616109067,-0.18949136823668672,2.9000810283023193,-0.048671343159630565,-1.4128158387650331,-0.28690151522150986,1.0057244047272156,-0.2039076794237777,0.6504579667998837,5.124000783873685,5.0,0.988823023439359,0.5351199675232651,-1.8391744240672732,-1.9957768042231312
-3307433491.64391,37927466651.50781,511759999.9043529,0.9912860423111002,4301914682.590103,-23819111808.352345,0.16653626643026917,-10203575007.952559,-283215743.9823577,-168966.09530451844,1266831688.856347,36425336329.52029,10528142209.530785,-5741704324.753728,-1989549288.904591,9085450942.973385,10487896996.252605,0.7044297257956028,393066.02197317505,-754.1168164727748,133258.32240829925,978.933768571633,378517.21684612654,191284.5269569006,0.9355849408670173,-807.0341602430943,-1.511748408096322,-6.059711828038634,-9.381426052041713,-43.79487058449861,0.9635000382528874,-665.1635159030361,1.2028252712779457,-631.5541196324,137.62939810455947,-0.389626963839135,-0.10930047642292845,3.2017675148465248,198.66604541113182,13.290407210299536,12.000962976750861,11.117700875065745,5.918389949482675,5.551119911281098,-0.622233805275431,-17.590238810564472,-0.07338086037558118,0.0015050750514814624,10.01065492127376,0.7266056730551549,-3.797047453421351,-0.10590221579301518,-2.266502897023564,3.001894688647482,10.28819608521617,-7.473524029870672,-0.6440597943208625,0.8704822966310043,-0.7883272217153675,-2.4801681665713735,2.7766823438630657,2.447179668680489,-1.4876790481990434,-0.30218713433183203,3.6293705929522733,0.12306134546567074,-0.8272025163162731,0.10637704200158551,0.9904747623280995,-0.21185903671438389,1.0727499418001791,4.22582893050478,5.0,0.4675111491051471,-0.01350802102411169,1.6024634435622438,1.6967676341239546
-116015078.88034616,1329166124.6872878,26632692.083530914,0.9944354690265672,150788642.9245269,-834878834.9739559,0.10065177831295746,-357921135.08037555,-9927983.019375326,-5031.326266464356,44414704.05608929,2916775811.042746,369191702.4061722,-201279459.94196266,-69757378.41166969,318528950.1337011,367641613.1842828,0.5245088742845847,124613.06793894315,-8997.021946088122,25221.452240325918,34237.693086303625,144578.83170561885,70474.94241883839,1.099583212428953,-23101.611703394163,-268.32813350869804,5026.34461559454,-170.93192605275527,390.7049650523211,0.8571550846453586,-11809.506301180234,1.0559374050466925,-11394.981149875566,3119.7676860454467,0.8423377472774366,-0.015927772746537467,-3504.928336758939,905.4545765611159,2650.5878956146435,2730.8660324411994,37.99446464741806,2.1836524556738217,-22.61692777809512,-8.162854358154325,0.6810585136822784,0.05146590551532362,0.007725770027569083,5.662995847808438,3.5770127528025535,26.452398464725114,-0.0109094101573263,-20.17192620381347,1.5128282420439283,13.242616135904901,-8.841148207092175,-16.773991582295068,0.8968448398706099,-7.184781722553747,-5.36622515502113,0.19139301953745044,5.529598735273067,-1.7316224276727767,-3.0410242052216114,3.1590716711090443,-0.007132185315821861,-2.3124885222661438,2.139110117919231,0.8653233896362569,-0.3824804026697538,0.03932066197396662,5.161246098566092,5.0,1.0432117044478963,-0.7765041538551272,1.1167855867878926,1.1321315648786383
-5185826.540639072,59188403.65873011,665968.7845283162,0.8621222961848775,6705164.721905052,-37163160.73460078,0.038642759175391374,-15958040.073225627,-443274.97655617504,14642.905627901535,1978311.6416074217,13449785.165261623,16446135.563974103,-8966755.049534388,-3111868.343255187,14196668.878803844,16374485.393873036,0.8526349165529336,-4185.443616171171,-2497.8544954731874,-5770.413585638936,8399.379531922925,3005.694084765166,763.3884228417842,0.9571135710621472,-5953.554640246088,-77.8435044991055,1158.691592495386,-40.35637763704374,114.50571004755234,1.017940727841564,-2852.0605955071105,0.9422214075870118,-2749.263403151039,568.8808095981393,0.6947017433403839,-0.07016926526745698,-1016.8180995453074,148.44993855168784,941.4516219406293,779.040335373366,15.340207405036049,0.6931830386161308,-10.391587058133021,2.027246890606914,8.457052522969233,0.9891173732961943,0.13056663448579425,-4.063770244555149,3.248057559969516,17.37140793013742,0.12165671823443139,-10.60551782479206,0.7705805208373923,2.537887574175841,-1.5022046934944624,-8.3412223059176,0.8413401248095146,-3.473284397633239,-1.7910454737611823,0.6392864886573567,1.7964532386657308,-1.1815392683485872,-1.5786728004988708,0.8414933313256108,-0.033434808102180746,-0.3083309573856178,1.4326108619638567,0.024686979303357236,-0.09541916054011236,-0.8237698755713079,3.2226555024048587,5.0,-0.20565111697316918,-0.948047984728784,1.2450711036221713,1.3204222293367824
-56629845040.54714,649398439391.1674,8759060479.973175,1.0755013386680379,73655514991.38968,-407826722580.1409,-0.1440085501421432,-174698488415.96616,-4849335295.908805,-700309.4843871299,21690350836.792625,623234451681.9252,180257160534.7212,-98308607898.51366,-34065027590.529716,155559718602.18225,179572221131.23715,0.855185590133869,1623669.637098414,-2045.1553532271298,550045.9072449922,2318.0529979644402,1561431.3935091891,788888.7373419523,0.9360213865043308,-1990.851890720587,-13.401577291136505,-145.8304982026027,-18.141068831132596,12.776686544887319,0.9220103278026364,-1332.842042277774,0.9578836817636798,-1283.4182520071051,120.3114054224556,-0.1647720296661794,-0.16346131085010096,-121.55990029392663,244.81889285235079,360.6575332219771,98.60182160843203,5.566739066927627,2.2361189819839566,-1.168325080714132,3.2692967399947106,-14.578850011761403,-0.07950148310153833,0.07150586645551947,6.055351854008126,-2.0216139051601276,11.175802587883334,-0.14559366788488834,-6.152757912235355,0.6118006915351317,4.340510015728155,-1.630830618793694,-5.5591123900592905,1.0342246279785936,-3.7752302221307104,-1.886894004058146,0.6225317841641689,2.2549777470917025,-1.6554299696221264,0.5041042049864344,1.2237140514045548,-0.006881883921859715,-0.8463586805345151,-0.7108877927076747,0.9892455012658695,-0.12421118623845495,-0.3073317002932733,4.499280828893401,5.0,0.70078396006098,0.7362474074085487,-0.3352862645175563,-0.20416401313555238
-230779036280.1671,2646443704603.34,35895181311.953026,1.1320326108770593,300161135245.9578,-1661980542089.7644,0.13505669362635261,-711930010230.4122,-19762180096.16164,-1417460.9405755394,88392712067.34485,2569444333313.2554,734583735041.9581,-400628561062.6781,-138822436693.18146,633939054314.3097,731795128792.0789,1.0318670351631352,3298372.9712851755,-1661.056343711137,1110904.7180073634,11712.262050986841,3169789.304791148,1600356.1776143122,0.8785686678534123,-8112.636770966893,-129.2499919484052,2479.4816756727796,-45.71232980324401,199.08173961530346,1.0173618932250932,-3298.4655769754245,1.102281648896731,-3176.189250097258,744.74632406289,-0.0494438068737408,-0.05962632639157808,-1820.7811881041846,64.42217121293511,1298.955288252506,1450.3510423448538,-19.953186156641827,5.2331587520839085,27.290272702426577,9.166110612084637,-42.502495043788194,-0.06297103605570609,-0.006850665634215459,15.470741811292118,-5.207852347402706,-17.7385857416664,1.007355406147032,12.768193435282532,2.2451267504373047,4.90870035080915,-2.555716008943657,8.950079197300214,0.7413278955792483,1.7805093081304932,-1.9794834076429293,6.068286064203855,2.8516179267483106,-1.933210819168674,2.3543700680197417,0.939838225592299,-0.02944792905996188,-1.0157773514071755,-2.5376907291741557,0.9171689425584267,-0.1740108753881206,-0.4548995413106147,5.649999488504504,5.0,1.337690931385928,2.0404853415400344,-0.8809041616170183,-0.9808460718577611
-1589153390.1211662,18222904886.596542,256288031.97237208,0.8857719834505297,2066967570.673349,-11444433663.947123,0.1831937738362391,-4902698199.130024,-136075760.02078232,-107904.28636804916,608683206.1175821,19068300407.161053,5058590156.8509445,-2758740029.298872,-955927598.3815602,4365334402.925568,5039156314.745434,-0.8256597431691162,288691.9594364986,-3559.748325757695,92261.29102336138,11846.292469679373,286373.0178449896,143842.11280976955,0.864333850912329,-8143.621971806523,-91.61545858533847,1597.0958979176323,-61.66456004025955,116.08388034509073,0.8244043862513153,-4282.68837010038,0.8881488423484485,-4127.851677361952,1062.8179153333558,0.3139791175191662,0.14676074056800334,-1175.6327581591138,397.44373050428055,947.0592856655055,919.9041438984493,22.885686431866148,1.1976531358902285,-8.999742481522263,-2.980929769298638,-9.562717091971905,-0.06713027731295178,-0.11538648463056173,5.780645083034648,1.9459562321454404,15.975441803906657,0.1260106925716995,-10.450784171024209,0.1464860274918229,10.292274924298125,-6.726431074726443,-10.08274366508687,1.0317415196338215,-4.244202607084645,-3.444742680760646,-0.016196609404613024,2.917463030582485,-1.7434066160414061,-1.9113306478515797,3.097244540573343,-0.19427959793822205,-1.8010365988017512,1.303047500384983,1.0741701197570581,-0.14094495862581297,0.5183708622938266,4.827507792181222,5.0,0.8096904512650609,-0.31293762839032546,-0.21494032007017366,-0.10019190028508909
-14661375.39458298,168074948.644589,2391528.896050132,0.8195920040763118,19075230.407292943,-105588820.4859878,-0.08444609616156405,-45261758.76361562,-1254722.2524265933,-11107.465184903953,5616525.415948459,179813935.5301043,46692594.09840774,-25452586.393860113,-8818937.151519608,40275954.59117849,46491664.29995781,0.24900702910385542,27952.044969327635,-36.88782757006845,8929.604569160994,896.6005142513543,27173.171110626197,13643.270289779706,0.9164789979220629,-602.266749038339,-7.798161513909056,218.20073389819294,-3.8293784395578525,-8.79213498288544,0.9911037527001297,-263.66516908245217,0.9842165319313241,-249.30579889252408,82.2213745060373,-0.13633256869120228,-0.03822550853663722,-128.32533418334205,21.4418857904463,60.29433181712314,99.20901994102425,9.007094700770711,0.5242899224309453,1.3691870808690816,3.3724620400889904,-3.7936735614517128,0.997942874327747,0.07231902365091356,0.4259270010457929,2.608719059286502,3.881556636018515,0.10659550604054635,-2.410753781878141,0.3982009228266332,4.432574657545718,-3.379868541937968,-2.636049870621305,0.01588570759814594,-0.7784212188805267,-0.4598213102446537,0.27192653053345844,-0.4505452726566575,-0.9329609852277412,-0.8862742339089057,2.1902477356594803,-0.0427762305364941,0.03246160860524261,0.9232723473678404,0.10284810955963027,-0.24793392775602108,0.2058527844954487,2.828896560332218,5.0,-0.3511590643934239,-0.8744763959040733,0.7146450024247432,0.6270738821615842
-6815648604.82085,78157510143.47083,1058298303.9668087,0.9782844769461032,8864884126.437742,-49083955557.74159,-0.0051176360833576785,-21026225769.926376,-583629824.1049225,-239940.58982533787,2610549895.765539,75613126837.22653,21695125867.56553,-11831917822.779108,-4099873584.391223,18722370287.656925,21612386011.280907,-0.02076231260296467,566760.8497913176,-1750.8280676903553,190714.51772576867,3709.340428473802,547663.5674000832,276517.5327488301,1.048729713706465,-2703.165221592364,-26.610029871468996,239.2105250188953,-22.190501496212466,24.85152652364454,1.1206546058031048,-1566.3086072808446,1.113683042682915,-1508.044495281072,298.587791665418,-0.01959064032667556,0.07352813662159927,-281.9724042849508,172.3733165139634,385.72078864731617,216.50145089775668,10.923308284724298,3.4909760657425504,-6.42295924968318,0.9387479647428743,-2.174992619066501,-0.003567651877560191,0.14062527520312304,2.9211501368129116,0.20807840519958243,10.646925614545125,0.021836544902921206,-9.708494672036956,2.515130616011453,3.0272650428068015,-1.7279892823444172,-5.504838285366241,0.8991725146704299,-3.348445640835481,-1.4468121839359231,1.1853573732659655,1.646874684733107,-1.040362113009569,0.1793166817233162,1.1266789377887514,0.0390822157085015,0.22643756158264242,-0.14334571641746768,-0.034605921057184096,-0.1092152023803635,-0.1825389491047627,3.109186438966409,5.0,-0.20753281839433993,-0.13127422553034362,1.8318241008910092,1.9640598734264443
-3008917.62425057,34483277.407047555,492003.8249374987,0.9920857442347697,3916610.1303879283,-21672427.60340768,-0.14659342381850024,-9297363.268812962,-257323.05690625779,-5146.660689876876,1152951.1162403459,37022691.71762814,9589279.56601035,-5224083.608411455,-1809898.3456512105,8266696.486242836,9542314.012672113,0.858023466989366,12620.817257377134,36.69728183460196,4049.1723870119167,307.72386181349054,12159.880182371428,6108.698018757371,0.8672980744967466,-201.05678795371034,-3.9305172945207736,114.67116039079478,-0.8572090071332672,8.982109748100443,1.0064502510850222,-72.04049217724285,1.280966379378953,-69.94965208531325,29.042038351296092,0.8658162195543078,0.056289953061900745,-59.710228255784344,19.06158117425001,19.05430143861604,51.438922152427715,-3.4693862160395534,1.8357805116081225,9.625453530680604,6.296461780739672,-14.37921885266645,0.0777651709905576,0.06874102637699551,5.480289973253245,-3.0444525022867372,2.359186845322974,0.9322066602229061,-1.8090667848796609,0.25838093431797804,-0.6967865619701329,0.8145533940779672,-0.23322742096435728,0.04833534370727347,-1.6742716030224774,1.0510640403410143,0.38104272899979974,-0.9691641156790883,-1.1320598729779474,1.8085624173034622,1.1703608289362553,0.02390520258411665,0.8553263070044348,-1.6552161870422537,0.9230541874056798,-0.11616616721478068,0.10870359440270012,3.115236721624505,5.0,-0.13311475255703148,0.6891224101985991,0.8019287483564441,0.790563167476834
-174736122.80443677,2002670819.5028288,33927951.969915405,1.0372241396923942,227179076.28787163,-1257848422.262477,0.033054952758987566,-539095620.5599295,-14957188.944171954,-8958.293525417317,66907354.518496886,3121343644.0645046,556137882.2805252,-303236299.4620446,-105085052.63191599,479857147.15797436,553882817.2574235,-0.5869032796262266,126738.91543516668,-8936.73131512496,27140.770589573942,29354.56326221139,147238.56139814967,71666.54964885919,0.7435579230025537,-21294.72796577715,-292.2531580044329,4053.4657684611448,-132.33551008260648,400.90120512972425,1.0213104028049715,-9699.623030458153,0.9798677736946064,-9355.436163137314,1545.3702039158381,0.03602385833837834,0.13560987650422193,-3803.3683039060584,55.42257208949538,4275.473413025462,3006.906785346871,-20.857254930842124,3.4758777887725456,44.083980346389865,7.845701230250719,-43.09398297122765,-0.1372887328223455,-0.029654675028526187,16.227599615301266,-2.8474547189334407,-38.06524829179818,1.257629573869983,21.32326084895115,0.17406327806354335,6.544232754450405,-5.704146300032165,17.782425967605736,0.0818644890001509,6.462334818999547,-0.51764791630166,7.709813889610148,0.5280994173371047,-1.2737533774848455,2.404146244602004,2.8198502074564673,-0.017925001977544895,0.24694397395889067,-2.251761451165754,1.1442812560377942,-0.18195001832294952,1.0355516094398167,3.9800800526979487,5.0,0.23327017073415832,1.0577508010448111,1.0000295590927637,1.2568503622668867
-51558.14938634131,570863.9183330785,11631.548129916424,1.176475834890634,65499.41567487828,-361762.58809865406,-0.001500740175531365,-159703.88347750372,-4280.155711745071,-446.6209429371739,19455.41167066876,1238055.3082703191,163129.29266725804,-87550.81854035625,-30583.070433301986,139039.6460414417,159616.80496947753,-0.9888240252069583,2564.28063187365,-53.4907903506789,567.3399825066795,559.8526640945353,2745.914315896308,1347.676432458104,0.9259497650953294,-379.68333963770993,-3.916876703760744,118.41466732049993,-2.6959930543883903,-15.063211396881604,0.9868493337683472,-189.83658115876509,0.864542419413625,-179.17475780386272,59.57200996023946,0.23555348222117187,0.1075478834797802,-62.21299484490335,19.872182338278293,34.137175353505725,50.104538815930105,8.16008204589456,0.6267951308253745,1.3151376609201542,2.580126220673916,-5.823433687834942,0.11410010653075904,0.0760735139422238,1.9625953873376336,1.8071132754061543,2.6719654368192454,0.12742921901586252,-2.455105491319379,0.7575041729602711,4.146423858403141,-3.1514216196000775,-2.1307893260302273,0.17275244857605027,-0.8648994494226208,0.03110146903811016,0.1517034599268345,-0.692548589617839,-0.8965720196225195,-0.49453417694330687,2.351528354538937,0.21282656891170343,0.2289262210836488,0.5373461703686602,-0.022268903057690727,-0.3380326483687365,0.15771852987116508,3.0425655676598744,5.0,-0.30692609784044805,-0.6528051889739018,0.8360251097014996,0.7184096452390265
-7819866926005.554,89673910925920.78,1210593181695.8484,1.0203731100931492,10170822942541.998,-56315562803446.26,0.013400129703130897,-24123374315707.086,-669636689920.0778,-8262299.963933486,2995150535336.351,86222093782508.28,24891012794609.074,-13575145015467.0,-4703949364139.901,21480781193927.176,24796597234516.773,0.9303053633328139,19088704.12522628,-9690.229589093362,6464490.754458132,17422.923824904432,18327964.69453346,9260173.330908958,1.025978623374186,-12972.610028840309,-111.93407524285642,364.9709527479811,-100.66064101221461,76.61501275080644,1.0443761363587276,-7467.544452573281,1.0330888636226874,-7193.844739540929,1045.3709120191731,0.3112059086243771,-0.06605227905372889,-1059.482198653837,200.1393379481082,2914.702143828777,825.8124252149277,-17.365917558944236,1.389713392831693,28.750249932503696,11.128528741302533,-2.588150505511205,0.8586620495442805,-0.095948420087827,-10.288409419690653,7.961418616849536,-27.57794123766978,1.1808940106120205,22.66961308986394,0.13557403714896996,1.4103954568495805,-3.0087164744540495,15.254554061716469,1.0211532934046812,8.857864769404522,-1.0581671612424841,8.6216369213844,0.4755888716251436,-0.8453800214370727,-2.8644224811790324,0.33389385110567377,0.016381373351247775,-0.24287092790350012,2.766274454308358,-0.1065202643287701,-0.06175174020241882,-1.1250287765918374,2.351599263620097,5.0,-0.6230996856819748,-1.799706635507464,0.6668427519813874,0.6736491669129443
-538350839.9805621,6173188875.353506,86141272.19386798,0.8529612825951307,700235752.7476778,-3877006341.4179196,-0.041508795600253924,-1660951674.2734678,-46096068.05344109,-64447.241783548794,206203473.03061917,6355441048.76021,1713743984.835187,-934571792.248078,-323835565.98174125,1478835148.054072,1707102969.6016881,-0.25989707083106195,166179.86570956407,-1252.2004931336462,53390.33913582164,5192.5138167729965,163449.6885037896,82031.8007404272,1.0161455246168105,-3857.204175265213,-60.28863032478823,975.8518530367353,-21.958182775119994,66.2734692996958,0.9867165374172013,-1668.884897515056,1.0657150498388404,-1597.9094318801158,253.37897098996967,-0.9086290005413886,0.0016144170120843727,-817.1001888054248,103.10311200157305,718.6837105082253,669.2214154299082,-9.108434285020094,3.0279322986205717,27.283541619202563,8.066506379897616,-41.798921567200885,-0.044552012238795534,-0.09724089650974559,16.05271385074128,-3.5985013028189523,-14.302219829988653,0.9035269281013926,9.94676019038182,0.6627231727294954,8.094236743784641,-5.443251713179294,6.1838009108685705,0.876757257316385,1.38531572344736,-2.8588037728659197,5.466672172541043,3.387868530909722,-2.06804287539207,0.8472972235586461,2.497406157780928,-0.14300533603111795,-1.765405395809109,-1.3039715565655658,1.0666776414120265,-0.05747046451906804,0.6069480907526557,6.438221695423894,5.0,1.628280473857045,1.6909508284010633,-0.8737921191267131,-1.1141683685745472
-1239946582888.2705,14219017041917.041,192928432128.03394,0.964264589864012,1612724288401.9548,-8929603871871.508,0.0026469759833394817,-3825096310848.905,-106179919872.10027,-3275167.45792308,474922249420.8866,13815480805116.287,3946814588753.708,-2152525082076.9583,-745875355476.4369,3406071952192.153,3931839933557.602,-0.8618346181385412,7650951.452016407,-7280.5143997101195,2573756.4871415105,34756.65953794236,7360674.4636965,3715980.806559105,1.0480155902196344,-23908.8035956603,-346.1051385898684,5988.092942610178,-148.9050240906724,509.7705819768072,0.8903708306325301,-10603.407442800164,0.9409307854189983,-10236.53223953975,2399.2245283436564,-0.5103528005807197,-0.1129508377773742,-4532.95501194156,69.40744344205643,3965.8981245671407,3576.5364199864343,-28.623736901089295,5.411339889626092,41.5074116401539,11.851740428467078,-52.09117502118897,-0.06839053403472894,-0.05854983419400159,16.80188307827075,-5.323736347697613,-33.43995262774082,1.1604133773478238,22.93358899703289,2.044240584169886,4.35812483849026,-3.28194779455088,16.402270206692418,-0.10113821972750477,6.355102783940683,2.6526618546494425,2.342092828625203,-3.7130295724848525,-1.2767333021953913,2.913905734098722,3.557814698400198,-0.1967695156041169,0.3966617899256678,-2.6617373701270637,1.0167986751480167,-0.2660139829690703,1.5313122003238004,3.7913391219429453,5.0,0.31467112718311063,1.4659040377126236,-1.6656426160583415,-1.896703664389617
-860434.2546526684,9848346.635633659,140569.55533788973,0.8990793161555721,1119902.145647956,-6193860.195643888,-0.046864213512604606,-2662882.9624105254,-73496.6276049442,-2219.4801237081556,329784.9542967272,10535237.8980489,2743690.879764567,-1493219.6721709545,-517113.94374700065,2363325.3909923146,2727361.379202816,0.9970294734683804,6825.184707819541,-190.87264664532623,2143.2444839510777,448.1874168748714,6986.237221277091,3519.3491193180657,0.9602130788195388,-276.204783673435,-2.10814281004916,40.219731789523635,-2.4556865775644146,9.712469417079447,1.0506084367559647,-188.81718586743787,0.8504853729663957,-180.72108860154796,51.30153698356192,0.2829492171370973,0.06543705022507075,-13.814764347233542,29.361557198169447,32.17909310820133,0.2664012858413865,-6.44501069482373,2.605842785352133,1.8087010258771643,10.675379227272748,-1.6328680671189617,1.0018493960673283,-0.11799843220566984,-4.178445276630451,0.7719642094918483,6.6602141407243165,0.05139965920790436,0.3172004638760988,1.7589591037803831,-2.578781258081787,1.921028273403403,-1.402437885426852,0.054179161818008574,-0.9624391739402428,0.09531490871557266,1.3328155737316338,-0.3270817469966066,-0.7921962313914023,-0.06022214821010799,-0.2792836129916191,0.15680599777852963,0.20589001848911676,0.05233706216331055,0.08382978392387547,-0.06279444557285402,-1.192009909943342,2.993361312703638,5.0,-0.25286908244516193,-0.24491860104772212,-0.301868514753277,-0.3968434495451387
-170383632377.3591,1953862933764.1855,26499846144.01594,1.0543885213838997,221608417995.37027,-1227036715723.3867,-0.0315226730749928,-525616829815.3765,-14590363648.001888,-1219160.569960244,65260160667.610054,1896791824132.045,542341918493.57,-295783207334.0146,-102492288211.69064,468035844765.4601,540282773811.9694,-0.9069300268787285,2833801.04274339,-1123.7270258743142,954845.0861164411,9197.461999175084,2722607.828295799,1374558.7283391096,0.9195344446519793,-6497.481964696835,-112.11325414489988,2143.6044894370357,-35.19183581066628,177.90189287385778,0.8977999567695271,-2553.0435985191616,0.8415219728646588,-2454.348241039497,540.0880058386251,-0.7406239959775931,-0.09489439228280998,-1601.3029596188926,161.55704194896717,973.2361074187482,1277.3578654344333,-19.82085870109501,5.511548147255368,23.549169926219292,8.096841829444344,-41.45511635304096,0.002782350071715864,-0.22458259051451157,16.00391593253335,-5.874064356119655,-14.757536429001313,1.0651267425252062,10.62399091255929,2.630282226024836,5.0019186457879385,-2.060925454882888,7.367451267454361,1.0459242040925332,0.41292323479067655,-3.1403321995718994,7.308175181558058,4.240281158268881,-1.8035971878776864,2.6701739001488627,0.24142968971458134,0.08885849361330259,-1.463333830715209,-2.788002486622368,0.9219552374172663,-0.3534499744274426,-1.179017098223846,6.271905362422962,5.0,1.6461877334817905,2.3248048740262437,-0.8863828816736394,-0.9594319030135942
-430685145158.1288,4938855781142.956,67045519360.00898,1.034838232712298,560167048830.2882,-3101625155687.6616,0.11143035458797537,-1328617939231.636,-36880670720.00002,-1940689.712617915,164960415506.016,4803621021450.636,1370895288166.806,-747661997073.3964,-259073618940.6151,1183071260691.9338,1365692467151.888,-1.1008486225475684,4509027.199354534,-1230.8250727266209,1519306.0872098992,15864.769430450104,4329840.237370226,2186589.340242034,0.8638291135041551,-9584.800992141481,-116.65479355701662,3356.7893013638245,-69.05694830493096,224.98115226020712,1.0906164261232216,-4516.273430195459,0.9095503158318243,-4366.251635543589,1790.7117268399788,0.05238791868469875,0.06131127713503372,-1679.7100474307717,175.5596123144507,660.8289569541396,1301.0101713171093,-31.016288389106293,3.3258550292914792,18.504115895074417,15.97982465722022,-3.958096383019547,0.9915266870617947,0.09345218019862331,-6.971706530074408,-2.1349881291214023,-9.926994764598936,1.1068237619887866,11.048796594120224,1.9188751441941354,-11.584508271006356,8.289158092399331,9.7346968279953,-0.02537848472817148,3.105147284160131,4.7644251577832755,1.5024807731270373,-4.761191121314518,-0.25062241230445326,2.945834364515634,-1.7734072653794855,-0.08609879789313585,2.8326356019591783,-2.0068368217259813,-0.06661451416838382,-0.1601359221401658,-1.5319908488187528,0.9629948397873437,5.0,-1.4161861056002183,0.12492724367678665,0.4626874970754239,0.4621610008504086
-18164209917.20697,208293826488.29755,3014327040.044605,1.1958918379892671,23625098571.12451,-130810614325.1606,0.05801393173514599,-56035494543.7894,-1555421184.1015456,-329252.86939003423,6957216117.965413,230908870806.52832,57818143751.229256,-31532588590.546463,-10926408731.031399,49896009670.84779,57597940998.69462,-0.4928704793442304,1016278.9773634797,-21002.6139824929,305145.4366502221,73661.21566410275,1034967.6908207489,516522.1042771318,0.9389243545428624,-51950.510279034126,-706.1014324595808,10353.734375553388,-336.89268226734515,1005.3443573402792,1.0150299615988871,-24227.328854858162,0.8489751800729095,-23389.60809316026,4696.750419980533,1.0191009228660333,-0.09387371842208386,-8872.515110410899,269.27293318553467,9439.951597398109,6974.095412278445,-38.320491698818564,3.9034317707340342,61.523906597755705,15.672941660863685,-58.692766977570486,-0.02817562865264558,0.10443012342248824,18.727345368930486,-4.589958403616048,-53.84946371256155,0.9611894361805926,34.51162596844034,0.3447086548549999,5.108000537970526,-5.104220249236971,26.379419390157086,-0.14054775268278186,10.288020188908162,1.2233441769034032,8.334134844393292,-1.7124935582694245,-1.343297361656317,3.353419526165708,3.329179365421951,0.07054247045185937,0.44954647633434475,-3.0039273329313603,0.9917174351539875,-0.23228021308500857,1.5609566058503213,4.334397282656833,5.0,0.4574201674928805,1.6984964620897416,-0.49653232984477613,-0.46727229638909573
-1020550947196499.4,1.1703116013081056e+16,158163663847424.06,0.9787786197458135,1327367407806227.2,-7349599062078246.0,0.11309472921619508,-3148277106276856.5,-87392635584511.98,-94565164.80350052,390889332158518.0,1.1278126547768176e+16,3248460259484587.5,-1771657278550878.5,-613900453897333.6,2803401531066050.0,3236140161791067.5,-0.06461072249878068,218304377.3914384,-43133.38081471498,73884762.1463172,212624.76176875437,209484590.45746323,105831107.14443432,0.9972434382252077,-143158.14186358158,-1950.3714762298862,36368.59909746192,-938.3817469024679,3096.174110987396,1.0662458343569174,-65624.16542818882,1.1266065869972046,-63380.62277610221,16764.981074224048,0.769972922765652,-0.08812499207831187,-25882.30792163041,1441.1480270110303,20653.545912532467,20238.467656099492,-86.99161724656189,7.626165465654594,81.33906428405523,29.171429198877156,-61.53612055125445,-0.011331438914492755,0.08794134063278189,12.784572288855427,-10.6888411893905,-74.30976287895227,1.076732624009408,51.191626474646746,2.955698829935274,-11.827094479741643,7.983862534177235,42.78338915284567,0.12028990634966995,14.989248288655983,6.40126784509791,11.262926309645556,-5.771074897802308,-0.6822214358369894,8.589188456193082,-1.8685781817126301,-0.022999196829789344,3.9171979266761667,-6.916340079079799,0.11995161130400184,-0.09212266280825498,-0.728797696343597,1.6065608119592802,5.0,-1.0729877580638085,2.9381736469824165,0.17561792158559086,0.16774396547546966
-4196.988262675765,49876.195787473305,621.522560812961,1.0842375235746475,5889.445851687945,-31896.926725514488,0.09638772790784139,-14004.951949435736,-358.80864412676567,-249.93804848210846,1754.6680489128182,21132.866027794895,14157.611266709368,-7568.717768513502,-2553.921112779956,12024.666277954417,13937.985307029598,-0.8029296199339757,387.19597518176295,9.018563401694975,197.63280676600175,-57.75517075373495,387.65604300288817,211.97620223663014,1.080402261598018,8.28223514733391,-0.27088943041025093,10.570893284235568,-0.1412832336635712,-19.59368091900972,1.0088708866934832,-19.377541374453774,0.1395281447230434,-16.62764820818658,0.42328373100501376,0.9312319256200359,0.007036124551018406,5.9932656046517705,25.45666978954745,0.08592461369208415,-0.06458611473202419,2.7683696397951336,2.0213903595530236,6.415289664337599,5.132128801152465,-11.96109345895633,-0.09678294666877411,-0.023541651668236685,2.9629335574213087,0.6835334104141471,0.18758140144813462,-0.1137128108177009,0.7312721995327924,0.4768038846516294,3.8365759632273244,-2.9558258241509745,-0.5667190323072372,-0.06797961223074339,-0.26963097884514037,0.06527571638242963,0.23500628090105566,-0.7341389115416043,-1.0582584444995138,-0.16109616227081758,2.332554958988414,0.1669936474770914,-0.06136879804675903,0.12230485792516836,0.8432396462201661,-0.2153760261215992,0.3551213889656859,3.2053064759114958,5.0,-0.09709882082721798,-0.20178399310759132,-0.06312514329561908,-0.10842814488145677
-90586.73052018802,1014334.6530571904,18826.779946386665,0.9422011858157376,116344.05257410303,-641415.1142186353,-0.08860254815944071,-281823.24654454313,-7612.975540597373,-520.4637402832782,34317.77582180269,1840248.3949209931,287964.9793870917,-155144.34296088794,-54072.13476495448,246387.80306136768,283275.241876278,0.7836971999331943,3249.293898316748,-227.2236759720787,917.9580931258851,525.0629876942915,3726.626861111992,1798.697557990559,1.0018051521265032,-489.6116377716778,-9.02905836383043,155.6748366051185,-3.238062607894822,19.10609407743986,0.9742755894786692,-265.70191375924895,0.7991349740773663,-252.34408806727748,26.928834515767694,0.11368489700556747,0.0005153905885624479,-134.29215064310455,153.07839787285624,2.9622749041450427,114.84430966005866,-6.783383237807184,2.5568747719711955,10.048746363753843,6.2818520588737785,-20.992328770339462,0.003274190109112929,-0.13115642897064697,9.420989905634675,-4.9606404784252875,1.5228456641764485,0.088753041465063,-1.368951095725936,0.7079373920733417,1.3212186462705755,0.41831308812558743,0.12575864222273972,0.8333024574735741,-2.8701725975910697,-1.8095586280683846,4.195161702778848,2.859687107688344,-1.6152221023367073,2.7668245858668126,-0.10023500271841125,-0.07766375374012464,-0.18718418811917073,-2.4590017395071713,1.0488236594982512,-0.23858768104807693,-1.0269791605976337,4.996157458789285,5.0,0.7699807179372968,1.6668469366673575,0.7359500970490079,0.6673625490186447
-3762408772882.5244,43145220416535.77,583530971136.0023,1.0165224748493042,4893536611978.197,-27095370715243.402,0.09290265748045844,-11606596327022.365,-322185297920.00134,-5749890.060668084,1441070903711.0913,41643049072476.42,11975932740430.082,-6531473036512.461,-2263232970727.9985,10335148760961.322,11930502841931.283,-0.9573655159577398,13264610.554231096,493.1453424040481,4487679.579324723,13176.275674136032,12722984.157339988,6427322.235352522,1.105154746331281,-8068.248739477599,-125.00071297150912,3558.1181810110666,-47.28419006169861,255.3791138341053,0.8509206540893577,-3052.038690550239,1.171620975873092,-2950.91285233392,1279.7352738700736,-0.2167182710762353,-0.08612027647517316,-1985.3962142832643,9.788851973633953,667.8788355529224,1560.0536601750027,-28.772047327913057,9.625277946717855,17.723846459893174,11.862010010748639,-29.332840043296834,-0.04843719001909803,-0.0074076603844305,8.124932176186093,-6.44048552805998,-9.711906393628635,1.0738013542366043,9.261301003483588,5.061109316758503,-3.7987594198996315,3.7193319185572307,7.174649296712476,0.04726721549303118,0.864874826483202,2.931806878471713,0.740962164251194,-2.8213977400854513,-1.065105674472684,3.977634821021411,0.4004029764824537,-0.08708977091598034,1.3694532761986882,-3.304978767972344,1.0906734173615378,-0.18944655154351997,-0.2990021110835678,3.1254701512857053,5.0,-0.09738858975790966,1.5531779896781972,-0.8489635193530907,-0.9666601316961257
-204310866294.4434,2342921827203.554,31596382208.061596,0.9846046784638669,265735596134.1161,-1471367431160.4045,-0.1144469577470282,-630278669332.087,-17495642111.968037,-1332797.4013266002,78254925819.00139,2247837639459.6006,650334180007.1101,-354680325061.32465,-122900823648.25957,561232347346.9542,647865282297.6562,-0.8732989757787688,3082475.7320762607,-2777.671563130996,1044659.8011557023,2596.769825368294,2961869.9028002433,1496508.782532011,1.229455130932886,-2372.600693678482,-10.234708440345642,-361.2373572097576,-21.070244174020008,27.7035383502623,0.9253135470014907,-1592.4897989826961,0.8759349557932659,-1536.344398692052,54.80561819553459,-0.6303073406112947,0.04979960287329187,-116.94229183994992,246.52324677220756,567.9112452486296,86.5709419577166,1.6178407810305542,3.5634900590980183,-3.405301260442231,6.712568514216227,-7.2758496231740315,1.0246662701845208,-0.10216679419680647,3.255582239824071,-2.411770343740762,15.084294907907214,-0.12735909640257373,-7.824928195213289,1.6388684840352121,0.0704363955074997,0.8056949530145698,-6.600450254685116,-0.019617687875870423,-4.715001440802843,-0.913055294311,0.2683327066714299,1.2302922596814436,-1.3467976120305067,1.2102598501700608,0.44370431131636223,0.0581087691931451,-0.03685292710766222,-1.2181931108380606,1.025991838705593,-0.18711964693436414,-0.6975493535413282,4.065719538940206,5.0,0.25754151425382726,0.5945374287878457,0.24109891008459997,0.31810194537276204
-75854346.84865406,869799992.9100974,11695610.886375846,1.0618324903458707,98680335.53655623,-546317362.6092837,-0.023683925007068715,-234084632.3555744,-6494265.496808602,-25301.680701332632,29057509.26550277,828807580.7616551,241512866.8492944,-131690961.07384488,-45629325.58224798,208383215.69415775,240549062.81116757,0.40172289375386816,59466.36470715529,-285.1811246973539,20272.819069078807,194.57669329598392,57610.656177174926,29124.42718318535,1.0562379370415333,-213.91253327793714,-0.5905243592009242,-1.678981182667057,-2.5690567790307766,-10.47886402111172,0.9167905193210564,-218.38052107642025,0.9509987641821677,-205.82662040409193,27.653067685391346,-0.3609984312167569,0.15139488596223818,0.7444317828561381,108.42186080861507,-0.030181515735964497,2.4477911059700044,-3.0712031575126053,5.039828644219463,7.683894498151447,9.219907073774046,-16.29420793768475,1.0529596678938622,-0.08626607718366801,2.34663108041758,0.11394540213018259,2.7323625909046587,-0.0278033725537927,2.3577843278178725,2.220972133623505,3.6690770357268567,-2.1605335410558597,-0.82375147201269,1.00365190746947,-0.24983097708292146,-0.46133686859834505,0.6149523917539379,-0.02759783344123659,-1.4251494675661556,-0.4860087291659576,2.023071011851404,0.08856813081089779,-0.8268564055695233,0.2904720041611261,1.1488909724625351,-0.025045330456294368,0.30232872988330595,4.318074975008265,5.0,0.49623851902266786,0.10237051755171703,-1.4234691417736678,-1.6320654341353686
-2113422880.1275954,24235234787.779648,330669823.90729475,0.9419705394524363,2748905335.9707565,-15220239716.364964,-0.11729328945029288,-6520079553.704394,-180970736.02449283,-135905.55748786003,809497332.5675799,23816200469.594482,6727460412.650928,-3668906438.3323245,-1271305864.327524,5805536467.777208,6701687825.400786,-0.5484421211617188,317939.8142194367,7.723755789536631,106463.59686067089,1920.6160515825507,305575.217987117,154156.081473668,1.030725947453714,-1332.7822373833808,-25.900240415019653,570.0953791177526,-6.443257552803356,26.22888285641932,1.05023934336294,-480.65823235238366,1.0595828542076104,-459.0154128371511,126.68650975031427,-0.4746932945922358,-0.0576708796356332,-367.31058401662,35.42755428972002,188.1031398063594,306.15938958428677,-5.91837751559728,3.9140839278610753,16.301582082039307,5.710514156930502,-30.229766454479346,-0.020179247436270465,0.46536883021266606,11.533666168129892,-3.0828514745998175,-6.852686299402133,1.112484546359169,5.251297008604623,1.2913837627588043,4.59443705465109,-3.026053558637516,2.8745972633650934,-0.053594256449008594,0.3786898917824529,0.38045359043617616,0.8889711402266174,-0.8200945489017425,-1.455399377675274,1.2036527497966414,2.589927097194545,-0.029438906549773873,-0.3473861797728176,-1.4361261112232646,1.0394636026683441,-0.360632427190338,0.6592569766472057,4.1544652761431236,5.0,0.4429588612879894,0.772060390904885,-0.7232538205781233,-0.8651468567266174
-764957058501.0273,8772099786761.233,119143211008.12605,1.0432688899520608,994934231018.6174,-5508918146679.247,-0.18111486768635654,-2359808557119.117,-65505275904.17806,-2550076.757563051,292992629981.8836,8540938849356.353,2434899475657.4844,-1327951890183.734,-460150949328.9358,2101299434222.8977,2425660118390.713,0.09729570826367259,6023211.630362701,-14401.053636644965,2021043.1962464666,43558.16641740752,5813976.945357655,2934478.0832701386,1.084655147407533,-30444.5911945618,-362.0230771433147,5282.644939334621,-223.12214065616214,520.4573023357817,1.0224965340436238,-15694.647446683422,1.1386236006849664,-15149.624825829922,3441.990020455865,0.9766627596007837,0.025932035298113193,-4415.049421734057,1048.1803619849127,4408.543898363199,3432.259476469984,37.79704259754084,0.8723933667964715,-26.55003288877942,-6.699281872308889,6.023288625121745,0.044295766295513656,0.08259574130447796,2.8954632971297927,2.359219956455082,34.93458564020142,0.03312607245913237,-24.708199591305565,0.30366702415318436,9.60570487896381,-5.6897468018343105,-19.77778922676769,1.170537414449771,-9.143946255418737,-5.444787500952338,-0.0036865214095829282,5.934004566921657,-1.6823627689399756,-2.6433021629214877,1.8309069379627805,-0.15277318910952925,-2.3388630475310603,1.6970589038650008,1.0624397752671828,-0.21772523141775663,-0.3870186690849969,5.333171041318573,5.0,1.151303703810044,-0.34813480298050353,1.00879775909727,1.092608014313078
-332717932386.2014,3815421886118.9116,51895209983.86934,1.0183578308262926,432746934139.66986,-2396103930757.575,0.06579195234642142,-1026400118416.6136,-28491474944.113987,-1694530.2630403468,127437172356.88419,3725797113997.75,1059060551198.6278,-577592633862.811,-200142579732.5152,913960127522.7751,1055040791315.5171,0.9130982583485536,3975699.4940287606,-4516.592984174985,1334143.2786623552,24112.53507776578,3827572.3176865885,1931802.221359478,0.9839593494678337,-16274.673564762908,-225.135298264994,4423.425905487892,-105.47865834294636,350.8938491207575,0.984655224266017,-7422.640146767873,0.7798418585671613,-7173.082651788954,1927.4622160798724,1.0314358218075559,0.27246375460512334,-3072.4845185375557,314.1635931878707,2220.960463684405,2418.8791816474995,-25.722653471646172,1.5831614802777925,32.950783696010504,10.940063593305796,-30.66160858489995,0.09263821527948402,0.08882198468265941,7.478827867061729,-3.691911637321727,-25.62483507895538,1.1770794761671164,17.431959104407195,0.12538787165980744,-1.8598862314845768,1.1693830244903058,14.251710794224815,0.0692733733513161,5.54994001796148,5.044007984405461,0.23610465473426567,-6.192993619504084,-0.5590172071279322,3.219382144925047,2.0757245696409954,-0.14732391677720225,2.3426873072912753,-2.403743514197013,0.24039765128580096,-0.24633012487820186,0.9917996378827789,1.395490289141169,5.0,-1.1152588912137726,0.5060403103740875,-0.1943771023764473,-0.2200792222265217
-1272270116035.37,14589686121344.418,197048303615.90802,1.006604043653107,1654765617903.3723,-9162385464667.746,0.0172473001273242,-3924810706321.382,-108947881984.1333,-3325377.0858711544,487302766357.4803,14041105922205.516,4049702052652.099,-2208638219023.8667,-765319207994.8489,3494863179767.3096,4034337182261.2573,-1.263899272878898,7706189.149950274,-6840.944675216981,2607576.5931973415,12622.275749069888,7406147.581798617,3741279.1589271477,1.0505814016860342,-9827.065171202588,-105.92212687568245,732.3118459056394,-74.92982718656489,166.98258159032338,1.1611418800460556,-5457.857473408111,0.9807843370426805,-5264.455582484212,691.2768609636054,-0.7732729360451498,-0.082264890855957,-1287.8270289512939,675.7262837177709,1713.7250420937603,989.50362048837,11.577082645743705,4.5642406610418735,-17.461595511666467,2.6620595107480716,1.5829032891006858,0.9359099168710437,0.007562208662409799,-1.6100013365664099,0.7649392607549873,26.087058711222483,-0.013532481110747552,-12.904172496049089,2.5646248505131664,3.3486717636556618,-0.4395480572505278,-12.446269472320708,1.1460503734695293,-6.285356383542854,-3.316691638853342,0.731473933702676,3.985427966519162,-1.6998499673054017,-0.959152037619592,-0.037458063860042426,0.03473867361259066,-1.6201664558743687,0.6514646908164647,0.9985222943810357,-0.19297484362821427,-1.685242581384877,5.232998253876221,5.0,0.9187204834729248,0.07964176824282657,-0.6596375974578621,-0.7265111216235354
-5060256.394924304,57953056.94826566,916024.8966002518,1.135617021492603,6580800.370137891,-36419847.42477044,-0.08382185146687138,-15627798.598035043,-432651.33335570263,-6136.3626862375595,1937696.7474502234,76531939.59883015,16116425.076691465,-8780168.912639977,-3042886.711384844,13895260.549133306,16037281.15220974,0.33350134101391404,18967.80914348138,-299.6842743707759,5631.683387933603,1591.3322203691775,19260.46367574219,9513.842703665747,1.0145283461996337,-1234.7775493139593,-18.850297564050297,428.4479670764575,-7.974737775177972,10.155900439140266,1.063790380968014,-595.8472443554463,1.066004956031859,-560.7826982502694,116.32828831496303,-0.5915671921092132,-0.012122815313235233,-317.64023282320517,208.8149814834904,47.858844620844174,245.95326215647296,8.451243290527204,2.864788218074522,2.085092918785485,5.356198420493911,-7.339403992097803,1.0151498549916438,-0.05972956341102542,-1.6651282773315006,4.351822890440874,5.96331345253232,-0.12765656464095096,0.686579679516759,0.8855513116122996,7.752115869536501,-5.312354477579768,-3.3188726687370664,1.2333430125790719,-0.21911608002692176,-3.57728776555399,3.2320888729807615,3.5416236636801823,-1.9008303224279544,-3.180706851136783,1.723700489949338,0.10483063798461642,-2.1409486719492032,2.244343297006955,1.033093048536404,-0.12011410398567013,-0.6198440249923428,5.0181812018465175,5.0,0.8888419949959286,-0.7166694477566533,-0.9075249730182406,-1.0635235069690185
-15797158025418.64,181153083818377.3,2453802319872.041,1.1197974406152809,20546393586426.1,-113764821911785.14,0.1160030357684344,-48732368065140.78,-1352754266111.9824,-11732242.019292234,6050596611560.999,175399551048000.28,50283101574800.55,-27423573501537.387,-9502595320375.314,43393995548507.99,50092378809804.69,0.962582991125864,27244071.624874722,-15385.682697755805,9192945.288695779,76919.74552787318,26175378.181462698,13219172.95852296,0.9492621330303026,-51863.526183594215,-698.4981009306483,13578.338769499083,-343.82484612861873,1127.5495504367898,1.016069705214968,-24054.62645744228,0.8794608949054952,-23240.57530993753,6264.401789064952,0.9642627032399844,0.05330884996828648,-9500.568016827094,1114.6246382231395,6881.828100333613,7440.049047789434,-48.895612126174434,2.089859008288098,52.58796618432998,17.232111143957926,-36.29063585427814,0.1045775509153356,-0.010129985152436355,7.55579591383622,-6.7281170291563335,-45.48694783048641,1.0041819526139397,28.830234014283143,-0.0043884068103122315,-8.409565300547737,5.566537732400401,26.255400273881772,-0.04263357990441993,9.309687792604718,7.796337077956747,2.646110172669839,-8.666296137168375,0.017507449448159424,6.3427020745603455,0.7236515038682537,-0.044077636029330666,4.373859685055243,-4.7617921426675,0.22800029705085573,-0.17441838349352,0.7892645110001788,-0.12613554002354124,5.0,-2.0528834683694663,1.1406045280633328,0.9046387721975929,0.9954575040272244
-153137876.00441122,1755989817.2594166,24258806.04254841,0.9937996283218459,199203533.50868708,-1102883923.0128334,0.08038978225070449,-472524197.9864562,-13111459.086564055,-36517.0927283817,58659056.84791853,1770201865.0033927,487533338.9516496,-265853903.5808579,-92118159.8503478,420677816.04105204,485612856.78326243,-0.10972221452143638,86929.00426024098,24.289285597268446,28724.071671241865,1131.4758084559662,83681.11671799138,42171.65767802383,1.0661012561841476,-726.891520772361,-11.637481549559343,321.3029790525771,-4.049415156187815,6.060094014599078,0.9163913062959648,-294.17351373672636,0.9974775450251346,-280.83367477613837,101.94310888625412,-0.9502946844623487,-0.06761684051967924,-170.27655857985738,13.04059221527306,89.99013799614335,139.6804442634318,-4.745424765079991,0.449248268800575,12.03051288686552,6.067048047292409,-13.796894343940881,0.030111506646923775,0.07453603470782778,3.103292307394684,-0.12323418332786722,-4.988152535741644,0.9375826380814428,4.2874112251039485,0.11547931801885257,0.9289272217744882,-0.860645267383689,3.00077872957535,-0.07633498114319111,1.0876639500067973,1.6943882564160406,-0.12251768269917213,-2.573455005475907,-0.8557535575099313,0.9275811964668355,2.0802924481484126,-0.043808225584419304,0.9389534991703999,-0.4492864270909195,-0.0606791255272364,-0.050896945201638316,0.6077438318460168,2.3218542295896922,5.0,-0.644007735297776,-0.28203862874039987,0.2678896142101078,0.33323541823466324
-91577130.31660274,1050099616.5620584,14048048.950521983,1.0821423082290753,119132571.99344021,-659553651.211722,0.047551029333655,-282595669.0137779,-7840538.668243699,-27908.16943972609,35080057.57983504,990045069.859536,291566294.0150508,-158986869.32224673,-55087393.23046648,251575065.6649214,290408348.28821427,0.75559033257259,64985.97073972307,-256.2934625812713,22230.05018653031,34.531859968634315,62859.89658579022,31787.719407650773,0.9849351751793263,-165.22387603170174,-1.1766200354005927,-25.432445976859306,-2.1875469210756835,-28.277911183908785,0.926433118540544,-175.55856394520634,0.008541050408027863,-165.45294997615767,2.0056217972322323,0.9124080360392747,0.053363861306290755,2.4951828553130624,102.77750760651797,9.699183191805556,18.256388725577857,3.928859000701773,1.1160577171002808,11.649213821727505,3.4596358080337244,-27.84774570321056,-0.1579095248283271,0.01863619879172967,11.725828832960838,-2.0778864875616527,-2.8026938522779954,-0.0641594449290514,0.9672556746368351,-0.17250577524676508,8.228585789465479,-4.891380279037696,-0.1095756060382486,1.015475990789099,-0.9499049275975838,-1.2987731360587875,1.4875418843598727,1.19522569020875,-1.4783044206687046,0.5743298026296936,3.00367078568472,0.3173821706606432,-1.0007352856113219,-0.8817314919419982,0.93468284354782,-0.29078526004950406,0.559102304507836,5.081698435877925,5.0,0.9164960065429416,0.8650422265051244,-0.6777163001744821,-0.7429557238331862
-19039311886.14042,218331523965.3556,2941682687.949775,0.7839124649374921,24763594204.22979,-137114239982.72247,-0.01766858466159871,-58735282692.42591,-1630368256.1332612,-405663.6224594925,7292458892.058486,209063067491.2251,60604034848.8368,-33052040894.72194,-11452879758.459541,52300265031.90996,60373435529.04614,-0.8669286339559367,940286.7641202355,-1376.995630491103,318856.61088592926,974.2742383714663,904496.0281394881,457017.79055440024,0.8907258048939088,-957.2946205155922,-2.2598336321823975,-231.36742972706244,-10.024718602392179,22.943747072616414,1.0421444207983226,-739.3754632124433,1.0519106310175466,-713.7847213463568,19.87973521681018,-1.0471601368922983,0.04635839637093653,-10.189156839377015,175.49766128968784,208.64843179089203,0.3204237316914307,-7.1022552377465225,6.838257934617859,-1.4640805708696858,9.528453654950455,-7.777671338941675,0.9051961396536967,0.2133002431978037,1.3279488217471833,-2.84409815297618,11.74257174570981,-0.12767678411440872,-4.509873947896073,3.527163361265821,-2.7133724428951127,2.7481269495405836,-3.8636220298050095,-0.04422856528120444,-3.3564074074191246,0.46540797967409164,-0.04227059839969387,-0.21308523036883772,-1.1596226172539839,1.6455388498160914,-0.16907296787846138,0.08129544279250049,0.5781196306026654,-1.6431492749646717,1.0507148349828885,-0.08561999039674291,-0.9029471044194359,3.207561671873057,5.0,-0.13051147513018094,0.6975886032134341,-0.15116344123823527,-0.03418016552478472
-13805712465018.361,158316284483639.22,2137676447743.8508,0.8722856878255122,17956243197606.29,-99423227650946.44,-0.016933495494669906,-42588995538327.06,-1182221336576.152,-10976061.088924577,5287837115132.772,152283687734239.75,43944237706893.21,-23966461129555.15,-8304664533294.201,37923595428731.68,43777556933304.61,-0.876562139559291,25370075.794086844,-13460.84565651734,8589396.401613964,26613.23283223916,24361506.41742488,12307957.495788148,0.9569830611649677,-20027.890692993828,-201.73344733674224,1362.9175959762406,-147.16130137792598,210.60297642999072,1.0669437277990823,-10874.213257107767,1.178404775791373,-10492.467949684731,1449.7808181830308,-0.8698390638001372,-0.16429707017576833,-2273.3054163113643,412.6783283501908,4331.647757764744,1790.0404037412488,-16.441212225202595,5.590667621552215,32.09265110990199,7.337190064920222,-18.65887414738757,-0.16489263021497097,0.14039625348323026,0.38476423836900636,4.733098585799907,-36.281594690571424,1.0618916581821831,22.987666787250603,2.771951861363452,3.7729495398181503,-5.307671973265576,17.622028424993015,-0.2367737981726814,10.030280755003124,3.6814107860853857,2.2621471212101305,-6.085413605948662,-0.3044102155122911,-0.7708385604525465,4.269812641795435,-0.10617120655118856,1.792483385986614,1.1794438539871717,-0.008734608169976746,-0.1070676209763615,1.987454237136252,0.45256385033094904,5.0,-1.6745995809277185,-1.67722739402557,0.837991015332208,0.8520527104100675
-3872669881046.668,44409634531629.125,599692476416.0261,0.926322380516045,5036946535401.2705,-27889427545822.15,-0.061495994742175854,-11946739027028.322,-331627233280.02606,-5816747.315014393,1483302921641.4426,42724518919872.61,12326899220306.357,-6722884369615.57,-2329559271810.563,10638030610294.516,12280138130641.08,0.8819277380649996,13438210.780463798,-7039.132494656073,4551561.248228958,12673.719556777465,12902668.785010047,6518922.497835864,1.0123466262566672,-9529.498506677952,-84.65699358023765,635.5331424142644,-83.02293470835464,92.80065551251883,1.0886269306280059,-5930.838157873575,0.9606350564620619,-5712.352626810984,1081.88311805329,-0.6573899144682042,0.09826010099778543,-892.6300115365535,1004.5368145866449,1133.4894813402514,706.8362800345842,19.649589651317807,0.9297803192389588,-5.491639868213415,0.3361636093667619,-19.78983576809853,-0.09711095704982456,-0.10517491643661298,12.06899012961832,-1.4522391429471808,18.469661809994335,0.07283389105457186,-12.240554463321024,0.26421085335389305,10.56979695302845,-6.2426384589207,-11.258965780515329,1.0453047126944712,-6.468672409105251,-7.050813182801083,4.5687381830473495,8.298806937528141,-2.3512475601507683,-1.3133902483334818,1.4549979705241842,-0.011213925849451405,-3.213684639373079,0.11465253084123785,0.8531779323942585,-0.1081868340095599,-0.7098278849598889,7.62044948684481,5.0,2.32788338348193,1.3245226964220878,-0.2286335865406161,-0.1787399777334424
-18808968841.91338,215689950879.18872,2938183935.942694,0.9783158968668795,24463986459.00883,-135455328394.67853,0.05684251709323651,-58024676839.448814,-1610642304.1652644,-406688.0300659115,7204229531.860117,211280453112.99084,59870822195.609146,-32652153768.40405,-11314318489.702042,51667501262.596146,59642992414.69537,-1.0486013601100173,946543.8585937897,55.640030987214615,318177.9515238638,4487.347458174373,908810.4149757416,458755.55571249867,1.018852092028272,-2891.2496601523208,-37.364933306804744,1247.5535852624291,-18.898936668054063,-1.6389529296220717,0.9649475454497667,-1283.9678348868204,0.9591633303200722,-1211.6044246937465,487.6265690958933,-0.750984126235752,-0.0726610863664307,-666.9338995446509,200.88691970281883,83.94912215615774,526.4538295374726,23.053780968645615,1.8656436590721106,5.215812223861946,-0.629070685876664,-6.433680941066903,0.022156209148117265,-0.06112176409860856,-1.6915763980435918,11.144878327328698,-5.717875102974556,0.025240897304208365,5.713978220288662,0.26964893457640143,17.15023577970625,-14.116296287847304,-1.1350978060960597,1.0883345379533098,3.101056477249971,-6.690627680382995,6.4469935261212035,5.816305550853584,-1.781130213462145,-6.977991050947099,4.2915817827660385,-0.02935162429291359,-4.004020230041744,5.3550124086903095,0.9507908467804119,-0.22913536143297947,0.4332666731731589,5.694932920248121,5.0,1.357816600808933,-2.1771504706613487,-0.47540535701319964,-0.6267606536283776
-26209967435.65561,300559031836.0361,4221141760.0848374,0.9674791567922949,34089913601.80988,-188753703774.24402,-0.026768927793563754,-80856022274.924,-2244401408.026698,-443048.10853551765,10038925960.603296,313639909937.534,83428521828.98111,-45500022713.1855,-15766266251.427364,71997507492.89537,83111112766.37057,-0.8358532671590306,1168772.7505253588,-12486.397498583925,374513.04474125657,44308.84125234075,1154934.7788091747,580222.538551368,1.0814276547567074,-30227.846903783236,-352.5955783172002,6254.031482625151,-223.63386450981912,519.1721709878651,0.9566223346503723,-15535.61183739469,1.0306761377511091,-14993.046524775968,3912.3761624944113,0.9995218555869938,0.04988092913777672,-4556.1769972015445,1250.7515625508977,3630.001337745449,3548.2306581320727,41.94515612815032,2.4330613355308794,-26.443931129961584,-8.62170486538649,2.5429215573034383,-0.08768011659101586,-0.23532166687351147,5.6245315961742826,3.669363915333757,31.018864566422742,-0.3032233318812463,-23.6014161499158,1.5277110110245455,13.913835483186123,-9.304286830259924,-19.359451511942172,0.9362473703372473,-8.546961633397817,-6.74317581768457,0.4874500188500258,6.730384091421372,-1.7580257511094828,-3.3767356329040816,3.1618510737381276,0.0048529923698194255,-2.9247968796805046,2.3399939761189703,1.0412525617603152,-0.09937246032867163,0.36541572745713674,5.7335739948197855,5.0,1.3120142366804552,-0.518586009768752,1.107533402038835,1.273284434313967
-6404351.701770817,73378902.74985877,1120863.1159528343,0.8778107189892466,8331060.93560086,-46108824.58671198,-0.12206244425481379,-19776932.85213328,-547755.4785413212,-7248.429545155268,2453095.2301653256,90092737.86371276,20398174.697135378,-11115202.169077126,-3851553.1757743517,17589594.161174312,20302496.557754155,0.29158684110407607,20221.29281184766,-111.68253059824185,6155.376717796466,1363.7366290867642,19987.01865914629,9992.20868919027,1.201751955077425,-919.0065955215074,-10.246611553705197,338.8443434437095,-6.842123911820781,-19.20450733488548,1.0582037887722455,-474.07381307161137,0.9473683491684496,-448.1235863763937,161.55178732302508,-0.5722708395189869,0.011241840629571367,-171.49634425415718,96.31279555293843,24.096569779968945,143.03239775119388,13.768433192136358,2.0034343990384174,5.741362665040439,1.9765070099075532,-15.232158318370425,0.001241527069906202,-0.03311354680099743,4.858365732374188,2.88817383973597,1.5766938792716918,0.04169368874694564,-0.7418580976909,0.28443053711437943,9.777221928392265,-7.379362747287813,-2.7723518996055643,0.924031656768819,-0.06765025622998544,-1.5772032634652864,0.008014147870992805,0.5374324252601903,-1.504043062055478,-1.9867496911437406,4.340933206275641,-0.2175110404521397,-1.1682947093857412,1.759044551388549,1.0039956762939244,0.035600843001312804,1.7792532020904832,4.365276718031469,5.0,0.5336819847026677,-0.5409955215036588,-0.4354766317375318,-0.4179917272841484
-3066251.050668785,35142793.174439214,503146.88510228967,1.0985632257030127,3991517.4498850256,-22086712.730744567,0.02883583680764762,-9474440.354772924,-262229.45751103206,-5333.1566780143485,1175036.0071443517,37998494.03782271,9772132.70317465,-5323835.924492485,-1844370.5563806056,8424439.863239923,9724473.031192286,-0.6905875464422002,12774.975401381122,80.0971575552208,4120.653031543874,295.5498772931296,12178.30138666354,6140.684117708883,0.9417202814641348,-141.37523402732927,-2.00543387225022,106.30691871695781,-0.7777902645132336,-3.623707945924574,1.1508226024500883,-65.61604153886474,0.8827379323641653,-60.733218952015726,44.652977493609136,0.7744816632954238,0.06625847810125575,-27.588251840642965,2.922907432442997,5.068220827029827,16.69072378552568,-4.334802331105174,0.41660229259320636,7.141406421587454,6.8583796669649715,-2.2696487924950564,1.001074079045469,0.2272152248715174,-2.905404807401851,1.4700747798252543,0.22549112232948132,0.9839995980605145,2.585057386393281,0.16177113767260087,-1.1932001761892805,0.7171524585490765,1.4166254276776722,0.07287337194158015,0.41301749311279756,0.670725223695521,1.149068838733177,-1.166250188622715,-0.9579230167470403,0.17623040638842352,0.3222633204365998,-0.033023995171779355,0.743882265351903,0.14853144078761424,-0.03267796164936328,-0.26671554326600816,-0.9678216292575246,2.1799355949181645,5.0,-0.7074228352737031,-0.6592923609785777,0.6759285981472757,0.5707210536775078
-870073919.4707146,9977223048.4015,138505632.0375135,0.838314676742533,1131710417.037992,-6266010719.946957,-0.06886941533404096,-2684340084.3307557,-74501552.18787125,-86022.08074581242,333263696.27888364,10163259789.303532,2769690657.833229,-1510450150.919464,-523381498.8353848,2390081141.6043754,2759012688.005654,0.4949711583507145,208874.27232674486,-515.0085501039481,68723.43190135997,3710.420553350412,202341.2335974121,101810.68026276903,1.0339554160003401,-2609.497677942771,-36.9645365378058,865.8147123577434,-16.66506803653136,40.748622920200376,0.8389643435823342,-1182.0695111824878,1.1987558744988354,-1130.3193561401233,308.00889396847913,1.0164858616622074,0.16969155085480211,-601.4608402506518,220.27254874348978,191.18336516451305,466.5314661016962,14.039487445033998,1.5520036987932313,-0.9326492465494802,3.4833579975359767,-4.145888068269925,1.241434505806982,0.06242454068186137,-1.1640928675195013,4.643490013995676,8.299595555117598,-0.07714038230021177,-2.6288042444319597,0.2918735320282101,8.329555431082587,-5.856080209562479,-5.259075700477667,1.1131575925927846,-1.264134734911996,-3.495665662909251,2.628325457758851,3.387186431416943,-1.7203483454851511,-2.97161617949811,2.0985310978016405,-0.019547731370025433,-2.054326042139532,2.2694768321096612,0.9716537903854173,-0.26633543264244264,-0.5213210323607451,4.985593751491089,5.0,0.8894760410520481,-0.8909120108221034,-0.38007007463858933,-0.5857588678220268
-259007447809.60263,2970150829539.714,40360079359.88274,1.252683831959839,336876079051.2188,-1865270053670.7766,-0.02645202725882059,-799011517325.3765,-22179448831.923855,-1474091.3147831904,99204701814.85666,2894722319274.0283,824436174491.7336,-449632519038.52673,-155802888472.2462,711481030232.0662,821306604601.4268,-0.8270692402135063,3508544.417634827,-10843.184984754876,1173730.994582526,32204.39302575665,3393119.518543446,1712473.747466044,0.9173029018056416,-22157.93301495916,-266.3030976349294,3427.3516235852844,-158.74387254625182,308.4600564798112,1.1358428458192857,-11363.670382315011,1.0697424252618726,-10964.240889735433,2434.6736046813335,0.61006550483877,-0.048714801659247076,-2829.276660232465,13.890098089366932,4051.8205691903113,2218.87069133972,-31.535781703685107,11.416066400644276,31.617727127926045,16.853125308820623,-27.47388161189367,0.9073603437658544,-0.05720642095930829,-0.4644254577232122,2.541222923120844,-28.35032561710774,1.0260900717895793,26.44981641278991,5.842103035960895,1.6462085263080053,-2.8370634859658472,15.580517405556575,-0.03915751467920393,8.389971746249952,0.7656101452725238,4.994612497945137,-2.158374877709833,-1.2895106949852204,-1.212582902021056,2.0740375506294297,-0.2539986604678681,-0.46933616451222765,0.8858645204224679,0.9593292842545849,0.07541895522731942,0.3522647057859274,3.706040227859037,5.0,0.05624863587394886,-0.35127434698866966,-2.1020807073091365,-2.472725649887306
-40314982357.67718,462308803507.18536,6230086655.923233,0.8749811306985141,52435692002.820564,-290333419228.92255,-0.05425016599395879,-124368752022.5569,-3452253695.837545,-589487.3504773226,15441449330.886206,442864571051.26044,128325930297.40405,-69986272139.26337,-24251011692.20638,110743556114.92058,127838147592.0211,0.8669405160876309,1368500.0670210745,-2006.3856882388077,463443.07672817464,2088.6608245829375,1316693.9116836125,665247.4303205743,0.8929097074003647,-1799.605979892122,-6.7761001098697875,-292.03945458897607,-14.96426818502836,23.65452862367462,1.0833267941175992,-1114.13238838939,0.8778858156640144,-1078.84922204961,26.097059745337837,0.7764779624997796,-0.03936433691245099,-77.03828913547297,41.070329521515994,543.9657203058927,51.33052408123981,1.7040368243710786,-0.7547007979292145,-1.540644548003039,6.81468986863897,1.2765348899788118,0.9974256587281285,-0.29126328289745634,0.12736949148007978,-2.081036968776597,12.758602701022353,-0.04105377072092962,-9.193522782167184,-0.13497426446694752,-3.3853211630254836,3.1690127458412616,-4.858078002173571,0.21102441939746674,-4.191499976773246,0.3202756377460251,0.7552933708385876,0.3297005624140888,-0.6197499541027409,1.8849296106595286,-0.5597018516891201,0.011732079608417578,1.0943360783135156,-1.4914027429161516,0.03738242727127491,-0.15442988105549202,-1.1229549244742367,2.699850745064541,5.0,-0.48489892226231673,0.3627677183536177,1.5984750158257117,1.6883794835891484
-21376324251755.543,245131889707119.03,3316169572351.8774,1.2884025797586642,27802871193695.184,-153943747028023.6,0.07277264658295308,-65943431119168.51,-1830513672191.8398,-13688562.098078921,8187517759927.634,236717093967322.12,68041846962288.33,-37108902399580.77,-12858677537637.486,58719683046359.664,67783769935012.664,-0.6551220632317898,31631229.301834878,-4934.752494536778,10696210.450000588,45739.45538436187,30353469.827235248,15333478.88891718,0.9825887836178838,-28561.894680897964,-363.7437319054522,9210.554489054111,-198.08116809172034,651.0888992433632,0.8967016166937725,-13173.295190158811,0.9245489846742688,-12730.848384339733,4665.9223040291545,-0.4632185020813945,0.028189641469422662,-5137.727433580135,340.73212727488766,2698.5099650752486,4001.6832901094726,-51.65456000026445,8.775515017065644,25.12465836939909,20.38961362432848,-12.753804099627796,0.9735169599160707,0.0002876361247562657,-5.9713193441485375,-4.390305653678316,-21.006925268594593,0.9768226080268605,20.3920631798838,5.427946860485298,-14.980781514162024,11.004912282632185,16.65400756015269,-0.05985630864597474,5.454922091566933,6.946929668334012,1.522091880896163,-7.484133202728675,0.0308843833319002,4.819707461701102,-2.5186557880874383,-0.04462831117396008,3.844846460125505,-3.4640384642344815,-0.1192950041123843,-0.2055212558675904,-1.7635538311972692,0.06639052978133206,5.0,-1.9629559806303751,0.4875999543496657,-0.389539312452727,-0.3882204215989462
-479069026757137.25,5493699696027115.0,74221732495360.05,1.0167698310275777,623095436392789.6,-3450063284489496.5,0.0203972740915909,-1477870495473129.0,-41024017661952.07,-64852651.436347924,183492042118194.2,5290685119863689.0,1524898655984776.5,-831654851842490.0,-288178358760175.0,1315978272530777.8,1519115293567571.8,-1.051603593392858,149496125.33795926,-9935.116262871969,50626742.160485916,85549.69189481689,143403392.10369283,72451799.43840748,0.9799031433299568,-55626.48860988328,-788.8871478649845,17574.94848350788,-350.06855284068945,1363.9229368729345,0.919833320435811,-24017.304278371234,0.9877890087974889,-23198.98020490053,7349.722263571717,-0.6771734466981773,-0.10434799223113062,-11215.254347203683,319.5539637810473,6829.052915902926,8774.375680747591,-62.52309270888233,8.518671881520417,46.54402216280389,21.733815146774827,-43.01565974658342,-0.023922161124979063,-0.018234658222060753,9.498414205842002,-9.71457557257572,-39.613166703187765,1.0608905270034288,29.15680211946595,4.717331412023902,-10.830056010492042,8.365331588805796,24.734290425513308,-0.16620305751039016,7.118468743422286,4.9165033840623185,6.037480805653557,-4.504233922187854,-0.6289926921131506,7.10598519269357,-2.040163023096946,-0.018697973209794223,3.107380959947017,-5.834020393907749,9.282185385874576e-05,-0.07706526110239549,-1.1869753578785376,1.9395037972189135,5.0,-0.8118318083287118,2.544049100930101,-0.24050276799090878,-0.2887069715523663
-17650408764.48631,202404185430.90338,2734515711.997275,0.944394165543098,22957097321.4535,-127111773424.2534,-0.06572970919991418,-54450623093.13124,-1511432576.1457481,-383419.517235649,6760476857.238244,194910140526.9513,56183024166.7676,-30640903386.27843,-10617396220.910095,48484980163.93483,55969207408.96041,-0.879660913601929,910433.6566870312,-3318.6212947590343,305729.31331404066,6509.159966110532,881515.7226228783,444918.23949875124,0.9474594778303788,-5233.102254763976,-54.63650208032231,430.36010743421,-33.338728287329594,30.173784617043474,1.0808127601502457,-2600.516026279076,1.0565958375721776,-2495.333097911078,164.73391180955156,-0.6390202724215159,0.05522780185935525,-755.9861141293361,38.38559746769103,1373.3406114305462,628.3406875764948,-2.715546221609098,3.0136926973636227,30.380645641656148,5.346609482237888,-45.23329658228144,0.1250563188131039,0.20835268366524134,17.401286151595748,-0.8568073602726428,-21.455038569419937,1.0243002093356632,13.426124207331164,0.40031624753992545,13.047653659852475,-9.76278780716805,8.05132837861429,1.0086217107882824,3.756167709212092,-2.6521236024235497,4.674443131351429,1.92564547110163,-2.0932269739967397,-0.38402223873312663,4.661958402712008,0.0074953613359403995,-1.8143827212628632,-0.08198329327402801,0.826225547653201,-0.022409805863199295,2.009395559405991,5.853052050487626,5.0,1.3809254543640317,0.8144242533927648,-1.0927863382883418,-1.1400905525729899
-393253455088.3949,4509610346810.437,60847915007.91739,1.0890705210441636,511481939871.3879,-2832057185135.369,-0.08462004616525415,-1213145457935.8928,-33675296768.121593,-1849734.0091241049,150623403839.4609,4331315996625.098,1251748349668.595,-682681301532.1581,-236557030390.64517,1080248329900.619,1246997600016.11,0.7285080377042553,4279148.272855603,-3623.0067830532253,1449636.8306495643,4379.74153058276,4111478.1529485667,2077239.9597750925,0.8575369287728716,-3744.471451014365,-27.161151520772723,-190.75483261133724,-31.748542426295966,48.06350689353434,0.9543850773951349,-2353.1579851215733,1.0433373949899405,-2269.4408571916383,174.12774456431114,-0.3918687633628035,0.07651292255479981,-321.43629832365474,378.58744785065625,745.1033223580176,245.61245372924233,5.2805911745916685,4.357319252830079,-7.572663037633207,4.923216673271452,-8.485412033174397,1.0217640727963537,0.04940128943721335,2.929127361696954,-1.5435378246245786,17.6743974423036,0.06371887374854084,-8.903888682972468,2.58163286350739,2.367070122249191,-0.18890603357694769,-8.307935147415705,0.8178529042996563,-4.789088831126454,-1.4640622825248386,0.03357574238860104,1.757257979005786,-1.4894150985975654,0.284451322434287,0.5016193968917279,-0.1307549416796103,-0.9599925578707141,-0.5371674003006662,0.9790098290016275,-0.3430237339722729,-0.9975947624422224,4.557557389756138,5.0,0.7045298475755903,0.5040210161570092,-0.6207956237440188,-0.8523335278585076
-332264827128.4171,3810226741402.2837,51386499071.96824,0.8894196888330101,432157697959.0871,-2392841309469.616,-0.16659354207859242,-1025002421435.7994,-28452675583.819664,-1701013.264715842,127263645602.0099,3655931061592.05,1057618412095.206,-576806146111.909,-199870037685.23248,912715602388.7346,1053604190847.4535,-0.7683226590622579,3930732.7241450693,-3045.7699544243055,1332335.309206227,2615.840693523852,3775808.417087505,1907795.367783007,0.9329378802138782,-2446.17281887265,-8.568627027508306,-459.1957240369628,-22.607688782057405,31.02780616646866,0.853378511486601,-1683.6866034302875,0.9892873348349835,-1625.2787756287541,38.50096449616837,-1.0793232608345167,0.12861277670892768,-92.42234098487377,268.08263044745445,604.7277670060192,64.65739836915697,-0.7996905238842622,4.68995629022131,-6.256347518147178,5.846757634049475,-5.936919795286904,1.0387979178841584,-0.1160046347247429,2.4307001866529787,-3.0027275205058004,15.937955997533608,0.22854591680489944,-8.765575030814544,2.6850178443716133,-1.1234839706389428,2.301048689282732,-6.772675783212637,0.20898390343974382,-5.0803174407831575,-0.40815485944356933,-0.07476795163787162,0.9632969549204597,-1.2354739232302012,1.8031335862318982,-0.24804345864842908,0.03703233094446706,0.16421123215499006,-1.5806542789276148,1.0130001331699976,-0.29411133628426844,-1.3327385138384773,3.9072769019766804,5.0,0.2518796905471571,0.7685271231952279,0.11353751760275796,0.11235845879883437
-233477975.6709829,2677252964.4684935,36459103.95169071,0.9032146608864038,303702413.66957396,-1681466866.5382051,0.08926856832210818,-720393789.5414981,-19990801.854110654,-43394.970119699756,89431858.72578742,2619871694.6482263,743278850.3308522,-405324536.5379191,-140445118.07748857,641371849.4310157,740372260.3575355,0.8717987724761407,106190.20659734726,-821.1969737243609,35494.58090066926,1526.7352819404657,103830.4818361623,52304.83211374019,0.9409493749723352,-1290.9424524515766,-15.661603385827656,190.4298060457961,-9.848676805425853,11.015150082529749,1.1595254903468053,-736.5441737701044,0.9624854191909605,-704.2365425191234,86.21336938821453,1.0225347947511896,-0.1457845243851484,-230.58758922651666,215.70805823106517,134.21268249857584,179.59901853212006,6.475217022041128,2.8085967911094523,0.44317441042567884,5.962568317941194,-10.258554337525746,0.956866035251689,-0.05776726665899528,0.7013571623851637,2.3653301256542876,8.723533784665381,0.03011033847795538,-1.1113847062960365,1.1852565352314879,6.168328895027683,-3.9700871782713034,-4.6232885523699006,0.8996410188224859,-1.4726653218030323,-2.4901090582381182,1.1818121409930256,2.300660625355785,-1.778344617666057,-1.8837584702175516,1.9165446357835438,0.06316854968249758,-1.7934946804788452,1.3457953363676018,0.9418418942037984,-0.1661351813277467,-0.2785611826388746,4.956611054317719,5.0,0.8531494761104983,-0.3092771814984826,-1.2736850461181417,-1.2502065046261415
-16749.986028849777,180365.67416635324,2176.202879848049,0.809871853004182,20094.466017702875,-112785.47465437447,-0.02256447241066726,-49700.87626433255,-1395.1198515519295,574.2861379582869,6152.227811613133,82921.44637475528,50479.29653346577,-27437.49126704555,-9728.131619916021,43802.121880274666,49986.55520492639,-0.9002457771827006,-266.4060119605889,-61.01742841973423,-245.1927213935743,369.89947487405544,14.794767475941459,1.160693509451175,0.9687027468258874,-289.6048229724239,-2.7454768928774564,79.99390867548736,-1.6432552601766042,-36.204948295054066,0.7853050017487533,-163.992715203706,1.157343073918853,-146.1129298536325,29.0033599255771,0.7219644026389069,-0.00975437729514678,-36.552018446813335,20.996886103652752,54.55011439439052,27.841478831531,7.5505349420878565,3.1211008155151756,8.481831236251399,1.1964432317279765,-4.215421899463315,0.1195682121993394,0.9750550780007856,-2.099509762636387,4.8869503126220355,-4.678413793778704,1.1272799232430237,3.599021907450449,0.24661182406646764,6.236348570144088,-5.116608110666675,1.621804853973739,1.1196348768629636,1.9532136637129844,-1.6706350235806826,3.6532164015775086,1.1745184400739106,-1.10621754119417,-2.3064023385524144,2.1225977667224556,0.025768913459660394,-0.753900131040954,2.1082055187629085,1.0157949841394738,-0.1724029216900226,-0.09449965189851854,3.4511567711632156,5.0,-0.06710178303992738,-1.219887660846563,0.7213775027381221,0.6799518366996377
-4377659576126.1045,50200575025803.0,679963197439.8052,0.926076332967824,5693755335752.209,-31526160125252.23,0.06288865585209612,-13504572279601.82,-374870933504.0822,-6137019.996479643,1676723022028.018,48602163989849.2,13934304817183.236,-7599536804735.703,-2633329817866.2295,12025211352869.104,13881446770309.973,0.27876850454677554,14350813.600560166,-21252.676782778217,4834293.795553527,63541.51679463852,13817717.777538227,6977725.675804795,1.0387415282436285,-43862.8974685744,-526.771797281312,7109.091138583465,-318.32426500114923,662.3995117663535,1.074979019219672,-22646.949922577172,0.9130175635108913,-21863.467455167345,4949.531546695565,-0.8135694845922908,0.1932283397551898,-5808.684533020303,601.0570449632507,7357.810127998199,4546.39889304389,-42.921725525553285,4.854644418320904,44.54954905308774,19.644776188124133,-25.523142460147834,1.0721400078622365,0.03076604618547897,-4.139773596046306,2.5036241834461057,-42.12528264883694,1.0870298456696288,35.187058764524004,2.187432191599123,-2.9062044530838937,0.42927480785672184,23.816190292317977,0.1335872747760079,12.015197249926205,3.7351122804341856,5.295895811572063,-5.112081389650471,-0.5400189128354135,0.25366640888846287,1.0076963323331978,-0.015782686954797336,1.114599102081701,0.11153360742752368,-0.07351699307147284,-0.18488821843913225,-0.2681989048536665,1.7020851060896196,5.0,-0.9398087304450966,-0.7303464687193286,-1.6482801369222821,-1.8022420902587843
-329833.7821052073,3585644.3505513174,45625.95547166003,0.9629346008369984,403646.64681565424,-2254400.4647997203,-0.10223795141934083,-999769.6757361717,-27617.791663413987,8044.504688943353,121238.8255043742,7683.823012293748,1014892.4777231239,-549097.5142723134,-193103.90359439474,874460.249773281,1000427.8846636474,0.307920677970016,2721.424102905429,-1908.2351973002317,-2043.7021392334873,5727.8847052683,8003.597242962508,3552.9954678825575,0.9485097928800273,-4235.518915356198,-56.00982949509903,745.0409005618221,-26.461459999262694,45.475000805455736,1.0648706685794402,-1989.2315545162962,1.1171178170239797,-1914.6087757341713,287.78238675429793,-0.7428963274014853,-0.003180205529096203,-711.68835581739,21.69939017599039,910.0173313553913,577.1866752825088,-5.387982627822654,2.262388943045987,22.602460423005,6.0832897442296145,-27.11898682039018,-0.07414348043417575,0.08599500352893763,9.093234610215513,-0.16251747884487833,-17.421280347044593,1.0677889345796139,9.962505655195635,1.2276799046293254,5.288827945905914,-4.76466579110858,7.452222135900928,-0.04796107122343407,3.742744755121249,1.3822369307230682,0.9215140387446524,-2.543014163079608,-0.7931201256423259,0.3844245469149947,3.821100718107716,-0.1208209423307682,0.49828835943083316,-0.2626112534277747,-0.02116230900149947,-0.10319026360879385,1.7336954678783902,2.89748305339769,5.0,-0.2932459508697128,-0.06822455632860595,0.013098424338434667,0.176186785142719
-4081831424728.51,46808182327111.19,633712410623.9595,0.9032063750343544,5308989972320.466,-29395724675362.156,-0.02249523405216272,-12591977418770.93,-349538353151.8765,-5979608.622907039,1563415526953.6292,45273253737952.45,12992670032418.99,-7085984756135.833,-2455377900891.1587,11212586538718.28,12943383637069.205,-0.09026059000663156,13835889.027516829,-2664.9885293545353,4674652.123633008,26418.17617302044,13279847.750367532,6707702.398959458,1.0993775548923386,-16896.933911496602,-228.57494890313905,5661.025062887409,-111.83683910528563,409.8577510347538,1.0377644676443258,-7549.227330911408,0.9380258838031004,-7298.047773920078,2530.9645274439276,0.1190666607174452,-0.07739268288880524,-3358.4577307917803,376.7059220192501,1620.728126284036,2631.531620345598,-32.47220802667597,1.353611186203293,31.521979573068748,15.35566093564471,-22.35144543198088,0.865453846005114,-0.17801479858143027,3.353989831435082,-5.149303665088307,-20.746810442268835,1.060741211027487,14.65700383304282,0.3881424284468192,-8.301271741427675,5.927973518173849,13.837995433732345,-0.0717781295669062,4.363418939151886,6.028036567447821,0.34787753793152126,-6.746395047486704,-0.2322805465215755,4.508936132541924,0.14086169243186683,-0.0015764839805415543,3.2674753627901603,-3.476428468002829,0.0746802401059923,-0.13443913245138786,0.11634370865955979,0.6521377606102918,5.0,-1.6282134038070761,0.7832512936003695,0.4862022839986759,0.43684814683364975
-80261369576.66072,920391347789.6676,12441694208.013872,0.9726797238440585,104391670699.16624,-578011661665.0557,0.02463274220307236,-247599318923.59763,-6872960000.066159,-829994.2489047837,30741665611.72413,887379213293.8073,255477702745.70474,-139332526514.32654,-48280293286.840546,220474375593.8596,254507225787.21094,0.573970395189209,1939169.4298349856,-3603.4130768514697,654633.2310002302,7024.772519324766,1868239.5841066784,943467.3181309516,1.2168550099898419,-5423.910825108931,-59.937251724469576,487.1482719982721,-41.12953662908905,82.35031527491063,1.0249931992986212,-2992.007917721984,1.0325822841427192,-2882.1344570948745,409.97335670858524,-0.7018155496969729,0.13483142381880284,-726.0296258786085,374.32730237834267,911.477269010824,562.7473807447982,12.6158187476346,2.2228821552285245,-5.356433397792941,4.2437507018338545,-6.705541352448439,1.103777145118606,-0.005919850536452674,2.152245419088517,0.6429977589547211,17.862921955633198,0.11848520183460001,-9.26150714661974,0.7895967543835253,5.093811497360543,-2.575523939170453,-8.966583906285848,1.132320066993549,-4.274640164328601,-2.612151071488327,0.3970053916351529,2.8910034511654765,-1.8009093378859244,-1.0260570036725212,1.400061988815117,0.18337078156315387,-1.3096777526983119,0.5870848442526476,1.0272661724914394,-0.15505167488655572,-0.5892230241528439,4.785661749351762,5.0,0.812745902226944,0.08357353316403356,-0.4278171006626484,-0.4818909900882909
-6434872024.862424,73791062277.69789,996523967.930765,0.942827775559474,8369635052.497214,-46341786907.49019,-0.09281289930992523,-19851559982.650448,-551023487.9431163,-235424.67540899495,2464706349.6633673,70996695275.37668,20483091259.351604,-11170902915.798103,-3870823937.8836026,17676404279.14853,20404965998.339363,-0.5188011402714868,548523.3319019151,-1140.4103926613388,185794.45648081048,1393.5366411765217,528396.6153449994,266904.82627005945,0.9660834144136513,-1170.0725776726936,-8.699709536350984,42.31234940643107,-11.627800510189378,40.09268436274739,0.8171085981046888,-850.6069278928616,1.0295426173575533,-821.2468138169806,125.73065044710701,-0.6236404107317582,-0.10656415953408599,-115.752354232752,305.7447837831769,49.23628800097012,87.8442755592282,-14.16624472551043,9.836812707520847,0.9478014226378384,11.852150221874584,-16.482980885251234,1.068668948343599,-0.28715894939242165,4.561057880830317,-4.374497712897279,9.485881649920083,0.025851835776986548,-2.000202705736867,5.789598833064437,-2.4263161367779316,2.796462879548633,-2.7027572139123937,-0.08308310601029772,-3.2375519011323584,-0.012553327869597203,0.6233990509840008,0.6035496961624874,-1.5122090524177507,2.1264319961629297,-0.17536319544911794,-0.03767750467061192,0.019009892526445728,-2.049224574892824,0.998435017275031,-0.06778422430601651,-0.8521007750338484,4.23487975026604,5.0,0.46100833820648945,1.2709746620959137,-0.7763703660857892,-0.749321186326565
-177527768636.54675,2035788055173.8699,27547496448.33485,0.9530656793072729,230900393479.1146,-1278486056494.7341,-0.004809141964662762,-547655749484.8891,-15202131968.158401,-1242596.7390217406,67996503934.6539,1966935266958.8591,565082119907.2269,-308185322801.05524,-106789761646.92682,487660469983.6194,562936694515.7368,-0.6730756390868514,2886117.9125139923,-3072.290388368108,975946.8904346743,7762.12156945166,2774707.7068570345,1401735.98730376,0.9424183583634018,-5315.912783739463,-45.0389946823852,855.9550461262066,-51.403435494027,-9.73305091842085,1.128519793696088,-3535.8744715956327,0.9699425343886164,-3393.7020360593115,1020.1183832621205,-0.848791837956834,0.030278649249877637,-439.09995493464174,794.3381365602941,53.70358049477379,364.82969112357824,25.45359159226862,5.918739023162956,2.243686715031539,-4.14089906762829,-24.5971879139327,0.05136536055815554,-0.02007829115447482,15.802827219828442,2.0262629702148303,1.540434260388901,0.14673990331910677,-6.639882009101533,3.058327545108912,17.712166694539942,-13.012665665791802,-5.644932778981351,1.0338947967622534,-2.4812954214103895,-6.831919316660567,5.1218949774202045,6.942959680103765,-2.036433711508611,-2.4679933025009166,4.611133287902142,-0.11309603762858145,-3.1512817916419005,1.3305396960580431,1.1405794548475965,-0.2665458891484786,1.192251519056677,6.614472967262352,5.0,1.830074664889781,0.27646538377918517,1.0578015293860892,1.05943273399523
-673846441790254.4,7727299673909878.0,104459938037759.94,1.0561057030510141,876430337468684.5,-4852772107455726.0,0.07583766082572523,-2078735378278461.2,-57703359578111.945,-76656382.90851247,258095283553975.72,7450843449978070.0,2144884012543267.2,-1169784766032746.8,-405344422211082.7,1851021890129071.5,2136749306815360.8,0.6471518800999443,177493030.1896942,-97428.76840775233,60018337.62439666,306691.71079466277,170469795.7898931,86115077.4577224,0.9936128717329665,-210773.5409383377,-2562.2392567682346,36287.08189088,-1515.7902081895668,3457.2380305139345,1.073337067692788,-107202.83680590022,0.834817238118113,-103529.85747873421,24027.73383062776,0.7964456335132396,-0.15398936286962817,-29137.580419270726,2645.011565073116,34464.13383327209,22755.09346886675,-100.12703787919953,15.59603473039797,83.78505252239911,36.34645073702085,-41.309131525510544,0.888971415546604,0.1170104520908844,-9.757967894426741,1.8462900053177649,-91.02432525981746,0.9683485948695778,71.42941060849758,7.998752416603436,-12.477659028700936,5.724982893521886,52.11099941044199,0.027477740725568717,24.583273011391487,8.578675649855152,11.564334904773538,-10.112325842336457,0.009544260805384341,2.727257157573692,-0.842508795003537,-0.13267125604144686,3.586455338288622,-1.5692363792773463,-0.05348247956968669,-0.04630385661001226,-0.7106556671231966,-0.1845958707222196,5.0,-2.080765313440724,-0.5089599714319336,-2.075542271087765,-2.2748451342398806
-43184668051.233185,495215427664.3306,6898350592.004609,0.9590581376566439,56167985009.62623,-310999034556.7949,0.11744520683085835,-133221358504.43645,-3697985536.093368,-586971.3254562421,16540563272.657135,508152560907.1928,137460136629.43765,-74967851272.89076,-25977206290.203625,118626246952.5674,136937566223.11057,-0.8872827704746536,1480401.1780848242,-9096.658632588884,480681.8497100467,40142.2829619279,1446738.7282366715,727838.28364726,1.0247412094529613,-26834.820012516313,-337.0457148086205,6503.187757454602,-187.6876027156587,512.106149313304,1.1530696342385225,-13126.55822654955,1.152682182768777,-12683.643410863266,3519.13639042984,0.7712876454525729,0.01125416485565963,-4386.136591693848,679.0067609471585,3440.327970223209,3438.462251050853,-34.786630732932245,1.1814575946089678,39.06184392087698,16.678985771410787,-25.924978050937135,0.8799146190643355,0.002045188397579691,1.743628111083728,-2.5383241643327823,-30.863882479887458,1.0119784726887509,22.724757472542652,0.02833179244562689,-5.636884201530134,3.5076083125922928,18.248234037065277,0.15339715134491555,7.713286676879363,6.693737556565662,0.12584825226143145,-8.21981969083363,-0.1532133723909964,3.3019530371398953,1.6215557809565084,2.5719261761966705e-05,2.9498975618604413,-2.288605918597976,-0.0007388255115983594,-0.11190337413801053,0.9003807736212748,0.4331187632705833,5.0,-1.6418106568051039,0.06277251615214442,-0.45874185336784656,-0.6671476760609395
-414187155230.64276,4749666422215.667,64041082879.99895,1.1056161988183688,538709148170.5443,-2982813405734.224,-0.1131327695812172,-1277723552672.845,-35467907071.94873,-1898156.9705130302,158641394145.81436,4555092797237.763,1318381391056.4775,-719021831319.3413,-249149452473.95328,1137752168429.7776,1313377847909.6484,-0.7238863640870181,4387720.183858199,-3410.868498511346,1486869.9473002665,3350.6379121509112,4215083.073568195,2129847.443827778,0.9646258487659556,-2981.5836922606786,-6.386357062897176,-560.0258310377365,-25.119098786737105,-63.197450800093264,0.9828884932738525,-1928.6033844397625,0.9743899222718553,-1844.4202021020753,14.757927527179218,0.9395811173071297,0.06805467027440447,-32.298012871532364,0.5350630092318953,1049.480289398802,30.73960467874469,3.4293440035337768,3.6752453818192334,15.989842550043328,1.4136128405887343,-7.118553821221486,-0.039316174711328276,0.018627014450531058,-3.0705336085061363,8.21244663447569,-18.074537824145615,1.0311569830087122,12.99800236213608,0.9649162904695894,9.64444507508829,-8.69262051650458,7.412905211446005,1.0368560574023373,5.795707436439966,-2.3731460973402565,5.972239547446323,1.3932336215871262,-1.2114567450974456,-3.828265131186942,3.2066501961261844,-0.07409982983738977,-1.296396596016884,3.261023744598062,1.022060910690982,-0.28739082457450044,0.320326654814054,3.4912374339935304,5.0,-0.04556747542052096,-1.946955354425792,0.503178276857547,0.7384322203032545
-349352166778.5583,4006174205769.596,54463373312.002754,0.9332946467035054,454382106942.9849,-2515897196593.5884,0.03964316154433876,-1077714876857.7483,-29915908096.072433,-1742261.081590039,133808393581.70657,3908171730955.0615,1112008210199.3464,-606469387042.2993,-210148713406.73584,959653574011.2164,1107787574826.0723,0.5699557180388936,4069757.728713503,-2864.9874675860237,1368045.5259556645,20490.963210295682,3913117.569514413,1975558.817576521,1.119919299467515,-13099.0530964242,-167.28620555712607,3981.5145177830427,-90.64178865336505,283.9846782997934,0.9717010962805407,-6158.772022105626,1.1738967309506791,-5953.519423988627,2007.6352952811824,0.4426093842662843,-0.05528798462892908,-2331.258502808507,280.5702575033936,1336.323573662985,1823.915923262578,-29.410796915492696,1.8812886837149567,25.34636526183505,14.806815527269892,-16.713131383511218,0.878452792775946,0.06224141810322851,-0.7612151055138111,-2.5722484232134213,-17.28644322337787,1.1324252404775197,15.042388984730861,1.0027507721612796,-7.070115903584328,5.009948433248515,11.758515297205616,-0.1125085587616068,4.390139956724414,5.2031401097155126,0.10488308188794498,-5.951838314775269,-0.1839119472786128,2.8304662042896247,0.23615232769158875,0.050139652404876,2.5043788672363676,-2.033820704105589,-0.13297460564295985,-0.1102915303755776,-0.16785704792308764,0.9474058663970069,5.0,-1.3650391047422414,0.0878553648712426,-0.28307217286643827,-0.31128091937936797
-7959396911737.658,91273963592144.73,1234702303232.069,1.2080603397171288,10352300985908.39,-57320401883351.125,0.07994621321077242,-24553807739235.074,-681585016831.9497,-8352215.255279733,3048593026906.7725,88131602354275.22,25335143277870.94,-13817366455269.797,-4787882001093.943,21864062978061.137,25239043144921.094,0.08606598578898546,19300406.857734177,-2739.2139608482466,6525874.286671211,27459.947816344924,18521091.68094126,9355824.179536253,1.0391933583004098,-17781.873088748678,-258.3767809687448,5830.398173136191,-109.57715722215752,437.07033862286283,0.8422530147130189,-7529.077202027921,1.0724522113712152,-7272.762958167093,2346.108825193634,0.7914069612959648,0.12637243664992537,-3664.2974933641594,16.29452521466813,2250.6116142840083,2882.7899651152943,-32.92223455046174,7.346806778135307,33.067836471594454,15.295755814715072,-40.29772226802319,-0.03508144404926997,0.018516363065233393,11.065276164905082,-6.059338037140857,-22.364375500166982,1.05350257772386,17.844832013307318,3.36912230251712,-1.7857652510666513,1.391102539965923,13.108529628626766,-0.02792777801507376,4.121108996285805,2.777252614501886,2.3094091045240646,-3.170023737434821,-1.156620385961087,3.324496735733443,1.532397530446433,0.013656270342654845,0.9488061245168636,-3.0729329025805,0.888460386233469,0.06094810971240225,0.8195766311513494,3.4600647622813847,5.0,0.01995678839156149,1.6386952502865024,-1.3133570518513942,-1.4112087046103736
-11530561.904960876,132188188.61966942,1754974.9934972546,0.8861620662301213,15003144.681426633,-83045780.57599665,0.017708967683602733,-35601733.71737034,-986836.9848598959,-8944.324835282943,4417547.109361293,122473609.97393899,36724665.714072786,-20018512.346771155,-6935577.133801425,31677179.527303126,36566030.14085422,-0.4126457582716452,23183.57284516988,-349.2383087682122,7674.372008114933,549.2616865840021,23155.49523390655,11678.462640875923,1.1367666976515194,-506.7028603988266,-3.6753233164749184,15.284508144757297,-3.572168265611453,-29.689970180166686,1.0020444296963513,-278.14045314521866,1.0828431008910768,-261.04267729274,0.2464753085499305,-0.843208324262384,0.05565625997460082,-52.73204619591114,7.4662012785068805,169.41275061754212,52.02010394198143,3.5594674359612264,4.110082418824509,9.01379016196431,2.2371854496146666,-14.881947591119715,-0.027866442013987493,0.1616809187890435,6.184063834133254,1.4379138635914168,-7.872332271707129,0.973905002486154,2.5828848808972493,2.7230840998727,5.614502464591081,-5.076724307259403,2.1739273844025697,-0.21286034279292465,1.2540071297389734,0.17283214162852711,0.8308009886555378,-1.2855293462309614,-0.5814549783248395,-0.24221125217330708,3.4898138167071857,0.026937921007950616,0.35257321538744163,0.35741922428729256,-0.08153186532343953,-0.07341120889274287,1.459502766564355,2.654435876783598,5.0,-0.417298247843097,-0.5866587776093103,0.9421790484670451,1.1516932043435975
-920808534272897.4,1.0559324957144328e+16,142615110483968.06,0.9807153309259243,1197638632035808.2,-6631294167767200.0,-0.005825432759853609,-2840583753582954.5,-78851413639167.8,-89782169.18794689,352686198036550.2,1.0162463447252666e+16,2930975614731927.5,-1598506323535707.2,-553901574777990.25,2529414198247497.0,2919859599897646.5,0.37757839395597204,207215804.84858364,-60206.40506108794,70169507.89143084,161829.34493466286,198866820.91685572,100474595.7206843,1.0487088825883,-113503.06025882244,-1331.877146360233,15619.631642323808,-829.931872748896,1663.1189389470205,1.0921429177337385,-59328.0882640907,0.896892127263716,-57284.389801280675,11892.608670015006,0.7654552349164678,-0.019069371666124893,-14341.446263575885,1504.1987876057128,20248.839903784938,11208.360146002991,-67.07530967157088,7.966507218963028,67.54946772770683,26.899723083580845,-29.894210299874402,1.1349805910688282,-0.031180247319319628,-9.107680149452213,5.309635257950929,-71.39535260941419,1.0015651500907103,56.27012234540195,3.514635175787972,-4.665422558083263,0.19811718873258985,39.45326527154094,0.05562892710415588,19.757457174881505,3.8138996264969003,11.643632840168499,-4.82225581576076,-0.4539096152726985,-0.2566261341968312,-0.1140862353669802,0.05563516370178187,1.4681609155611735,0.7298739918435051,-0.07241456820199658,-0.1398610159999854,-1.0252251313909078,1.2202363220971326,5.0,-1.2122772145684864,-1.1208356405517912,-1.3558027624149098,-1.3535042721073924
-1158915379066.6404,13289794758804.818,180483211264.03104,1.0433655663801522,1507331776375.6443,-8346048637253.964,-0.053181777139619406,-3575124369659.1733,-99241000959.80699,-3112139.060701122,443885797220.0349,12936699859756.566,3688888079745.8936,-2011856244392.4465,-697131940539.5073,3183483092932.5117,3674891760469.223,-0.7299880775972442,7418882.638184891,-24494.82044296745,2480407.2293863175,68101.20174739926,7180506.917467904,3622438.425157544,0.8502534158690578,-49824.264592014,-636.414119252805,7657.4213422861085,-324.6263227643356,879.1417653509986,1.0398212165527423,-23764.557584707753,1.145386612643652,-22934.156750321006,3565.179841428117,0.2698137751185364,-0.0035758246557570077,-8005.532619546082,200.01885795530748,10321.734357929163,6302.178178626519,-31.974457028874344,3.2373581508524985,61.729537498952034,11.287202317036533,-58.60424533380286,-0.1012940119337658,-0.1326627953690763,20.451729385253614,-2.6497360999907635,-57.89780513224191,0.8568084470879747,34.720856217586125,0.02456984315098737,9.978198661112266,-8.60366518726601,26.95818607263746,0.0008755939683589303,10.782343544550601,-1.3083904291626123,11.089909960678973,1.029680249402857,-1.6202766193464635,2.2582988996465714,3.5348901151990355,0.1359632255404925,-0.45091506260616054,-2.2057867043918873,0.908612811974137,-0.2843604565712444,1.3501921669533286,4.716887726198235,5.0,0.6942722119607743,1.3657403746560546,0.5414711017879155,0.6393478915092733
-795994039.9844757,9127687575.544592,127409047.93308961,0.9942745284496777,1035351947.9264437,-5732489241.035669,0.08698330598878487,-2455798467.1005955,-68157951.91160241,-81151.09412372965,304888276.00431913,9403867854.498772,2533876210.2998486,-1381843469.3700707,-478818713.6541685,2186579907.060973,2524096993.5915155,1.0596768824610454,201378.71245923487,-868.0105396178783,65663.57625888135,4674.274503883993,196096.59660563423,98532.11996936548,0.9666069611385624,-3340.679404027425,-47.99203542450175,994.2323045293184,-21.341652421743284,71.927170927779,0.9520533472505478,-1505.9909359347846,1.021013686364465,-1440.645158754231,337.07409548496224,0.5948213041229617,0.0052919003841318075,-758.3792475460508,251.56952830235335,322.10019100389667,577.3397685862433,11.355193508137653,2.1789476608089573,-5.827452661671607,3.13349988105385,7.517106780041328,1.045166227380979,-0.026458346968176352,-6.559148146444654,5.401049380094425,11.328074723757688,-0.10064391533874253,-4.288947574064511,0.5625929625741225,4.856240820395829,-3.388889191230249,-5.701105443167741,0.8876613193220846,-1.9228583987464714,-4.515978986987026,4.741288584703597,5.068810133547034,-1.5892966384936595,-3.149141163197189,-0.030890153618606905,-0.014510179913691258,-1.809744200731684,2.3544722684701287,1.0523224826056476,-0.2804363947009735,-1.9477588490980244,4.4696745089181436,5.0,0.5786493355443628,-1.0272517959039913,0.5468570885514921,0.7242731092724795
-25408568122.874996,291369977055.52563,3983000832.0801086,0.9611537998266785,33047681490.989468,-182982872049.18106,0.13857579851037988,-78383838586.54233,-2175779584.0944853,-455123.47456266737,9731995213.22049,287468202310.3408,80877748834.41919,-44108912302.254074,-15284218150.69794,69796243070.0233,80570101524.85983,0.17798138680023554,1108833.3662993265,-5842.775423097394,367772.9730800281,17061.362485365436,1078690.9124491788,543739.7879474615,0.8656641114214014,-12074.152041256673,-144.99865621649906,2018.3291090667856,-87.82697360495219,199.93902008015192,1.096769705558861,-6198.324585828611,1.0096412341414571,-5978.887131171762,1284.864760168512,-0.03753476550787058,0.18420394139571433,-1777.8498479838656,428.9232577623106,1811.120582099467,1379.7068936566493,24.809211721422646,1.1346745350679528,-12.065116143046408,-0.5075385632241938,1.0178203676879944,1.1197877367073927,0.11203508930186604,2.118485814624581,1.789520807622684,22.210830443441477,0.010000601825205168,-15.815528602214613,0.36242275054112644,6.526148035110119,-4.098898658562572,-12.30825177212353,0.9280058586551551,-5.618464602510768,-2.9487782032771936,-0.07104700879298571,3.00691049132465,-1.6286376497534034,-1.5255806055185057,2.0224292135892195,0.1067965870315663,-1.0239042918560095,1.127526497767829,0.8486045061362819,-0.19561732520399455,-0.13425241805365204,4.292530822080366,5.0,0.48036403260327387,-0.3919032117731965,1.0950808352188588,1.0938877534310834
-1142246292.9013028,13097425585.347555,203298895.9910966,1.0950855798396963,1485615750.4346392,-8225590778.782779,0.08290470451017759,-3523939292.6716995,-97803960.05253455,-76858.76710028977,437492696.15193367,16612235082.192102,3635924937.095805,-1982838361.2927265,-687079324.7439741,3137593658.8922215,3621870503.180868,-0.5650234314696776,276176.22771100025,-7120.157362973171,77611.66481319437,30698.484374403874,285554.2455090255,142155.12295020366,1.1246651632938416,-20104.7700921868,-242.31187600562183,4615.101585610867,-143.8983549945773,351.4034655988782,1.0990575521662986,-10042.89990025027,0.935022813237356,-9694.816154706581,2811.47102476052,-0.7541307712282562,0.04500382930853372,-2943.5713792559204,241.65540925798365,2707.686111002812,2294.392059209041,-36.8176828780569,5.183468919479691,27.352840535717167,17.078055702693472,-11.452606599848083,0.8618494429029334,-0.07494455895173281,-7.077574659240527,0.7496438117489068,-23.15043453440259,1.1210888932679586,22.067850741071396,2.8456717548845067,-7.1983646275348985,4.52499490797408,15.517072505714934,0.1386151037448536,6.858792161361131,3.316380888519092,4.120298136106894,-3.9346519015365256,-0.5451278361490322,1.3864132247376775,-0.9208042819429499,-0.08150522690323185,1.7740875023149387,-0.645892865238001,-0.0015938688330680373,-0.015068027100852727,-1.2840668372196284,1.5163525807232898,5.0,-1.1618499283892096,-0.35213984962105693,-0.5814490812657184,-0.6352117571347465
-56540848.818958946,648325576.2678392,8922840.946198063,0.9208827876178648,73556930.53360835,-407220809.6778918,0.12216243185207679,-174490634.41686997,-4840480.489415375,-22670.486721967518,21659217.968221433,648231471.2281065,180028002.4802406,-98161125.56817043,-34011796.18813359,155326532.07368445,179302715.7049453,-0.8130925770719977,52417.22866716364,187.62166015870517,17485.04149041539,296.71975593574024,50041.62606735652,25250.946727496193,0.9803538815985406,-148.9967716299502,-3.697280403137067,162.4079462266505,-0.08479321459315725,-0.46450979543606713,0.9678882670579777,-27.67035765647169,1.033022869042685,-26.164876089032358,43.25846480892624,0.7264806400905915,-0.18051753108797108,-60.341876266734396,0.13251407568190837,1.2991089787028967,51.78909157281245,-2.62343287875041,0.6070558988403765,10.772923808597687,7.809970388389121,-12.632235090665963,1.0721119947266788,0.580407723938706,3.341152018772928,-1.0717925134379884,0.045375027445854116,1.0841651509735004,1.1603192013537809,0.176127527505621,-0.19884983981437668,-0.05587544120902729,0.77978955956524,-0.07026166125268422,-0.25908480727762334,1.3037055898355714,0.014563308178832626,-1.6892136063234526,-0.943060257743962,0.9394987079790236,1.53432777947684,-0.01365286674876634,0.8663396785382734,-0.743229652820824,-0.033902766664901,-0.20447950678054597,0.1261948375184618,2.733710067034801,5.0,-0.39469922640020133,0.04796987015318729,0.2623360971344252,0.4262952222382937
-295261950.45984834,3385529982.673357,48344012.02470127,1.0789892651259334,384040341.9332268,-2126294081.2996683,0.08154796562348515,-910993082.0933212,-25280361.906112734,-43111.21550922459,113092251.23211229,3652795023.560884,939920931.0410206,-512557526.6162919,-177604555.49215263,811058882.9588202,936242424.0204839,0.7826814159556035,127634.98871208317,-2539.569772854435,39365.024538797225,8097.515524477877,129232.06129551274,64753.17665257444,0.9729452619684682,-5607.715798210817,-68.15158547207156,1040.6942041727561,-40.02362080288831,66.29289376301939,0.8955609787920369,-2902.5622971967614,0.9266168002058413,-2801.235652312806,650.319317534218,0.19379048777643332,0.03791867576370067,-782.6834201965237,146.06634762889925,894.1197614009279,620.2712735134221,-11.895594726938603,0.4995904183322689,22.853846281871196,10.055035388334163,-15.519833409216076,0.9345194549138868,-0.003065834636006185,0.766586311328809,1.4166918530103103,-16.036984995771633,0.94706194148035,12.25250869333932,-0.007847275316634275,0.56674290401678,-1.283564034290991,8.720186114420406,0.009587109817878676,4.501651034132859,2.8004801051378556,0.3942663791415444,-4.273045235711539,-0.5870429854900365,0.40081247184218277,2.4396990898110804,-0.0026407640428133443,1.2549079739465114,0.015368675360425021,-0.057235901595190423,-0.1062164059085482,0.9334490811886855,1.6261391360319297,5.0,-0.9432773452044511,-0.6928521178940206,-0.10194812205890963,-0.17648073189440097
-30412110.227504034,347411126.66686314,4222157.386637903,0.9994602411055815,39377865.41681623,-218180355.50291488,0.019825463459248314,-93676438.57084835,-2600091.188247281,58046.00269936266,11611902.417674368,9910939.751764163,96553641.24415612,-52632681.44259819,-18258751.91877383,83321031.34049682,96121415.79441004,-0.8761395871398138,9306.728893743186,-12349.227744087859,-17789.290814328124,39047.15907447186,44003.97091786017,18628.93808308008,0.9783825105808199,-28433.471739702283,-386.13925195233304,5163.996925041871,-176.66274543932323,542.6977313450539,1.039045871559712,-12967.367289717226,1.1349050010682518,-12500.640599336126,1970.5755704434557,-0.3373906436031623,-0.0583085245728073,-5013.2179199640805,1.444793994283176,5862.895574910873,3953.2138304862083,-27.224595901990895,3.934553900503212,51.20071905093686,10.425912331264716,-45.739678717233,0.19591905105529428,0.08004861575215713,16.942731504214553,-3.4786069079123654,-43.65896388858977,0.8858449473088527,24.640627256748136,0.10308132539972767,6.855547332912273,-5.516697191490763,21.123370850515126,1.027393375083224,6.72333721847797,-4.699460163974923,15.044476328959668,6.6373661806418776,-1.9623635834961533,2.253297134841563,0.3214495399456342,-0.13004144395508238,-1.0730522446316941,-2.485289021540321,1.2435607181675032,-0.19096241302383216,-0.741182398515808,5.949199677200268,5.0,1.4114390171264641,2.07166473444159,1.9006136220464687,2.24773038908074
-11262791241.970545,129154809936.02095,1754574976.035556,1.0241341918345543,14649072941.40874,-81110660306.74011,-0.03772401764126976,-34745342763.953545,-964447295.9527713,-315534.9211949087,4313896179.532446,125802031340.77657,35850773403.453995,-19552106532.275837,-6775004563.330991,30938493881.541664,35714218672.83659,1.0716085849104076,729609.187669159,395.36609781176554,245932.18327175066,1795.857664839484,699568.5901592643,353177.4761230569,0.9921165649221911,-1191.8687693015327,-24.745153504842673,699.9956813842092,-4.992657544883668,20.419114958127512,0.7958746835652242,-346.09645602959375,1.0009257240966103,-318.7098837770538,136.0559743734378,-0.09156098429001122,-0.03098498862110547,-431.7942724322505,77.56175845354214,41.99800799610364,323.1086084313411,10.598886637649723,2.1553550172258764,1.3462231712226722,4.546826357476059,9.987366227758027,0.9628234063397314,0.06460746654511988,-8.287985994497237,6.797402038540639,3.6593545565955488,-0.1320436447612424,-0.7891581928688087,0.08759968151182862,4.277541752751774,-4.209010227209562,-1.9497348406460038,0.9199390388442089,0.3035229570656554,-3.4645978497399224,5.0621203909063475,3.6130507802407803,-1.2308208762146293,-3.371015221102441,0.87454119307006,0.06170660498015032,-1.0257489738858276,2.857945610319096,1.0111053419871345,0.00033240781864421476,-0.838589983051574,3.521575848836847,5.0,0.05181339101380372,-1.4395228868352379,1.4979510604353663,1.6425613439714593
-96306639289589.73,1104391458968793.8,14922707632127.943,1.0817883933748387,125260099732459.16,-693561881351120.8,-0.08189109957386598,-297094484739435.6,-8247005151231.826,-28988329.5396875,36887175194926.89,1063875670742818.0,306548486274604.6,-167186527494252.88,-57932130687707.4,264549454884821.66,305385834278911.56,-0.9085444009805583,67062796.97238779,-34923.4339951619,22689293.77744097,95640.12806590805,64400401.9749489,32534652.47323025,0.9226152892723204,-66773.26374090246,-785.8539574064656,9503.833489720035,-489.8844191299323,963.8493624221205,0.8896686319125614,-34998.76559355679,1.2457391234123194,-33791.35068765098,7213.020136103913,0.8516497433664073,0.06543130046080826,-8418.250777990277,982.3679434919604,11651.36050213395,6581.818229469347,-50.8935121992677,5.754555239410678,54.490545619634105,22.36273775408439,-23.559716634914615,0.9266689002095556,0.19043880059916118,-7.753352898793383,4.441814823746582,-54.31412903065152,1.1536804843805206,43.32840000025054,2.1755240352477885,-4.1600944989029545,0.35436723364715483,30.196262439083362,-0.08716174727086609,15.360188415139199,3.626134528540994,8.199999377411599,-4.793239444300875,-0.4129992520384621,-0.32479785330634303,0.5142422662002586,0.08981438449232922,1.250418264308341,0.7087024027885593,0.036931769126369036,-0.055909321120623634,-0.3679041102074284,1.169182973961123,5.0,-1.1667123643625696,-1.1077640383372278,-1.0104377168501926,-1.0502911804474073
-95390681784.37082,1093883943891.4318,15206853631.920328,1.1421517604993132,124069281993.59793,-686965963908.9161,-0.08226388901624504,-294271543173.34814,-8168514047.857351,-865213.2585811084,36536433190.75816,1117759107008.701,303634908841.4703,-165596542975.87634,-57381105606.7748,262033583859.16586,302481506874.9411,-0.04955108404974187,2197497.872427296,-17142.338485773093,714820.4858587566,61647.810566426575,2154185.0173550462,1083884.3547505664,0.9028574972994475,-41873.05842868116,-483.69777201093905,8779.16523999635,-311.5663262985693,717.1577301259422,1.2199299791751312,-21622.315982961125,0.9623066531921669,-20865.41598112462,5556.616742439294,-0.6394943420202657,-0.08032004110774821,-6257.216935470995,1785.3212009205586,4876.29326064999,4878.292142432704,50.566100435556116,2.7244462894773833,-29.574018785500943,-10.528440943398548,-0.27676021710718884,0.05525313946896772,-0.016774009458445108,8.581179452233862,4.076957606373026,35.93677271473538,-0.09160289570029773,-27.241550707996797,1.7699622046619254,17.140654912085385,-11.743136277759135,-22.879103694313276,0.8741677158902919,-9.664110503897765,-8.00000353634073,0.50637590001558,8.323810628872595,-2.213063288043448,-4.274649894151222,3.9121069707584577,0.11456997015689949,-3.5385094911703696,2.9221258424969547,1.1132105288254908,-0.21941269093508856,0.4413655981951185,6.657732124550627,5.0,1.8618197259100053,-0.5270512661812923,1.0261324029617713,1.0507628485642122
-52843802.598283805,605911466.7458284,8461974.938021118,0.9977520645502498,68745817.24157448,-380583722.70760226,0.18671589086185567,-163082368.8110494,-4523829.523162952,-21755.20739564981,20242626.897132866,624496062.0821841,168255802.5473041,-91740651.86470768,-31787476.716055147,145167634.57217258,167574710.3940138,0.0782873918541595,51824.35722350354,54.63429784876781,17084.87858912841,796.3251537267012,49872.89214731336,25098.6638787974,1.0107477762177943,-561.8256198240325,-8.873913822733028,280.7355218843185,-3.3663408442048115,-12.369677387549245,1.2007466440023018,-244.3999460643064,1.2269304785567479,-223.93037076304032,75.32726022045732,-0.737975625641126,-0.04533118323902514,-159.14790519706202,78.71246545531993,6.225464053852785,123.61875064953765,7.500405780382787,1.3301311818631696,2.335119513231509,3.196853701062476,-6.293939046326328,1.0870373949333467,-0.08128316597096821,-1.3277808185790838,4.054262176746328,2.314430236071774,0.08273351395582401,1.5685979607323564,0.18896497536019433,7.235518720333798,-4.882034890596763,-1.8829354788239834,0.9847587803958997,0.0586421118599044,-2.554583241198622,2.5011118575261277,2.061487784144135,-1.3640794436367498,-2.28032411116764,1.7813113308267308,-0.15425994309406466,-1.4510209447303946,1.7512757656218163,0.8011313680003271,-0.18860031030197055,-0.5413384442679993,4.102664931531387,5.0,0.4237440980169428,-0.8034840891797541,-0.6612208920081177,-0.5623765518155467
-608099239039.8267,6973342305153.662,94263975935.87007,1.1476052940658423,790918877965.069,-4379291090310.038,0.055731285704140265,-1875920247566.393,-52073119743.83765,-2296823.1238919054,232913254158.15662,6723251716882.107,1935613351645.7427,-1055649679845.4366,-365794991079.8399,1670418984979.7856,1928268156365.9507,-0.9628757655669677,5334192.767741702,-5697.264550978421,1803431.6896640838,12604.332145564018,5128908.82726041,2590793.8946553087,1.0303640713459787,-9201.987253280127,-93.35258801853537,1068.9788221712354,-74.59058663613048,109.2937945273577,0.8666436117966048,-5307.703890443838,0.9157643869371311,-5116.222730118124,1050.742067349012,0.20088964077204985,0.12430963071908703,-1079.6794865884874,720.0469338380899,1165.2887346100913,852.4776527421894,22.321110103623617,1.099127427720758,-5.982357526352461,0.0686041387995317,-19.323084265585628,0.22846314898918885,-0.03729156274320854,10.77865306716361,-0.4283882461062359,18.368374416176323,-0.0395746392799082,-11.662184136427154,0.21405973252833704,11.256683557308449,-7.020935268536481,-11.499951494423884,0.9901934583509729,-5.434498942025803,-4.63776540175246,0.9447813333872871,4.798201413317339,-2.1757840471533685,-1.651734777871495,2.949913224248149,0.05725431291235547,-2.7210629361302305,0.6354431282615851,1.0432055008458752,-0.21445363085288643,0.29607694114897315,6.6549478014813666,5.0,1.8255026698751848,0.6615179030799541,-0.8300231363575998,-0.9299511940314844
-35007535572796.914,401447098559573.5,5443313205247.834,0.9350782934016357,45532144774567.19,-252110270027273.53,0.05868102754588961,-107994087752431.5,-2997792538624.1943,-17432135.715946287,13408516543832.13,389514979170581.44,111430619836063.67,-60772429203791.8,-21058372582141.637,96163927063135.22,111007981687774.05,0.6147150944769417,40615633.68965694,-34251.82950721613,13685592.410697019,154916.7754725397,39052775.18589141,19719775.22131414,1.0199800538275992,-104302.33218351284,-1341.2977074183602,25823.778266777044,-718.3409218693257,2148.787086168683,0.8903734592789365,-50104.69571182923,0.996711430566281,-48405.3312530125,13155.54630632822,-0.8706989106028251,0.05562807830099144,-17951.232149150022,2832.235678644503,13261.104424471652,14035.528832561355,-70.17019658624383,2.4223373587982584,68.71821469597724,24.21198117904946,-41.51119531252672,-0.044004260451868935,0.12360082694145597,4.484037827333338,-8.32090224131899,-62.43146660165117,0.9303283820075297,41.16062604533743,-0.10330522487211392,-14.90477825136511,9.915810546908965,36.83830626994551,-0.054378824309330914,14.226426981242179,13.037530278287353,0.8503285152097027,-14.918025338811649,0.8147480217369903,8.490402203844054,0.720137318931414,-0.12335249035584467,6.829264457741349,-6.051119563229086,-0.002721088442892974,-0.062120117440236156,1.532785195234815,-2.382653595578363,5.0,-3.3036845377872637,1.2268872952959065,0.3559706147860384,0.34306784172667176
-407685488.4953163,4674951173.303052,64298671.8443682,0.9026539736779303,530297076.23114854,-2936074551.0410504,-0.17646778426350362,-1257845681.502211,-34907795.96698144,-60076.46355557537,156158673.88395175,4670322822.596018,1297829054.4954417,-707752089.232025,-245238732.88644394,1119920414.8720078,1292791664.518917,-0.09619353870600852,141008.04142092628,103.9063529739439,46987.25772480321,1234.6322558714091,135422.6614321258,68273.81078631466,1.1457204633846645,-817.2739280424287,-12.671803961993534,394.321508887043,-4.866037977182774,-3.8098266614661496,1.1628600371696052,-324.06995137414657,0.8951108147001954,-302.3137989556301,117.93952502664732,-0.11228484203236845,-0.028457141084258283,-225.7668265608812,62.43914337193538,28.805157204684647,171.37955505829834,9.626635804860902,1.9879865661068963,1.4223596403555279,1.99353118729536,-0.18294654542394018,0.9229805430742605,0.1017570200666112,-2.4596506527937523,4.349666510436791,2.80522683422133,-0.016557924235611265,-0.7718203058416392,0.1475455297438901,5.8898589503658565,-4.405780210980766,-1.990997578685328,0.9906537265186423,-0.26009484402751337,-2.099859220872655,2.758882599636054,1.6494652083514159,-1.1915419731324979,-2.0006556809291554,1.6172289088222378,0.04246202996958961,-0.7842007049913913,1.563002474899214,1.1608233629692237,-0.33245533859662646,-0.5146984153406937,3.340425374485367,5.0,0.022815666328641602,-1.1005696194271801,0.5729448895356885,0.7444459339017102
-1279898039317.4136,14677158783594.229,198433112064.03513,0.8718051173816985,1664686778508.261,-9217318651695.332,-0.10544750318151411,-3948341959527.1714,-109601079296.03722,-3333538.5428752718,490224397307.43274,14155371818030.191,4073982088206.184,-2221880138898.6016,-769907692697.2223,3515816683019.396,4058525100985.8564,0.31219875203995834,7739393.155632751,-7545.397766695878,2616247.743601303,18141.014244290156,7440098.491228765,3758294.210812731,0.9874158760869604,-12915.701966165201,-132.36042281448718,1652.3572250567338,-104.13997876311348,165.0088461439365,1.1261069961051373,-7331.359176900473,0.9012869957426746,-7067.8635828431925,1562.3719173430377,-0.94807513871042,-0.05922912762484968,-1504.276228769037,819.058883049234,1661.0985511364486,1178.4380294210741,24.462365693725292,0.34529874779442915,-11.603405477860692,-3.0728884898406728,-11.17851019250397,0.09701302974670188,-0.017967605568875823,9.332960629202883,-0.20100279608784952,21.68117746684764,0.049688656250851115,-14.87917169481955,-0.012381947954525834,10.429164777316876,-6.120742176165872,-12.938903201820827,1.104688861893594,-6.958763636739625,-5.8888595447725764,2.3585928437416346,6.728070174404968,-1.9983691066432234,-1.2032733735045893,1.7209120197741596,0.005934678536186622,-2.6574293488892824,0.3669472405107872,0.8912634694294809,-0.279336441173535,-0.6646316338820437,6.341818260086641,5.0,1.606300562162326,0.4798732226000495,0.13469833192066574,0.37479758974992866
-1382416553081.4097,15852784579732.072,214061432831.88626,0.890724100152996,1798026381628.8267,-9955616253597.602,0.011948148143611573,-4264599665584.5605,-118380019711.95685,-3464740.9503297675,529490850877.97363,15249867354435.594,4400303537980.205,-2399850422989.83,-831576509265.9911,3797429929769.8564,4383608736962.1685,-0.8347176516862351,8030464.8121418,-7000.703672660375,2716804.5562190535,13716.415826314638,7717596.94170842,3898996.6903677857,0.8462222547129497,-10041.326833204903,-92.5371970512205,505.5747991878793,-76.18359921754815,68.05582754063342,1.2034680884978173,-5626.643360317509,1.0729537785912897,-5417.177985824048,841.8179399007907,0.8509394261894064,0.07230414754491252,-893.0377281630967,48.48549295691434,2275.8783409557145,702.8955466670378,-19.42748518650945,10.935124596750073,20.78818853665567,12.100535298505607,-20.258159244411157,0.9845568605045828,0.04469139435110111,-2.3005069269631733,4.994136105230329,-19.72914599584174,0.833956577648076,20.710688479715333,5.632423770356044,5.9594143371015615,-5.160035549034479,10.338794120872112,0.9773414658697452,6.349613951671484,-2.8150782346283965,7.20987516512813,2.2050729261742528,-1.564871447319041,-3.043497012336081,1.264452288397604,-0.03577852663445632,-2.229105778478908,2.119519437262026,1.0989400447015407,-0.12499598833610598,-0.9499750639191964,4.836821355433627,5.0,0.8618251654414834,-0.7159412095164029,-2.1544043371417825,-2.4788071196192276
-1618570831.1148326,18560475574.32615,254204367.90467745,0.9396092710236944,2105256209.6074173,-11656421458.020952,0.05260407411835181,-4993466563.794558,-138595824.07352403,-114288.03183246234,619955726.5098047,18381400858.842552,5152264632.961901,-2809834944.589109,-973629646.1282923,4446178986.737821,5132491260.374824,-0.884358813557076,281137.8621705918,-1950.4050409246713,93270.42093631165,4846.30753696557,274566.8537350351,138281.53657582583,1.1201813796764784,-3695.4980290639523,-43.66290209685097,648.7866160902462,-27.31161128376438,56.326376423118695,1.0580447989922326,-1984.4836616347939,1.1191407818698893,-1904.7041217526992,341.4390546930183,-0.3576692579982074,0.023045317219262885,-628.3833836022495,392.36691652075996,412.8342875544622,490.1230424787464,12.915073928634342,2.629675901265141,-3.215185024134872,4.784808674365963,-11.158588043649617,1.0257216661847326,0.06967785370570374,2.068180897523987,2.592486887949188,13.424093841177992,0.08998769863290669,-4.473355540423511,1.285912473805881,8.070695510645349,-5.236437896355623,-7.615815754290106,1.0052859321541314,-2.5601270538665686,-3.3912887331386377,1.3378777200578704,3.138158323784671,-1.9466073258588608,-2.8477440938360625,2.2515616972053403,0.013019048775539173,-2.454991570119547,1.763082990085297,0.8085567640383229,-0.1704067075733482,-0.261668882183011,5.697845536914829,5.0,1.2431554045297486,-0.2855711596429595,-1.4541267704179643,-1.7699170052017095
-500652115703501.56,5741202677016981.0,77518816149503.75,0.8164059948039701,651167223658887.0,-3605496047313226.5,0.022819592326313923,-1544451732830965.8,-42872237719552.24,-66225605.312396266,191758752752943.25,5522124336616443.0,1593598613785736.0,-869122689694009.9,-301161413098284.0,1375265921041845.8,1587554701307305.2,0.8824906444916885,152735068.17852935,-37219.60403391737,51739995.47466147,83375.22131384573,146559095.9039455,74049756.9577878,0.9699101238666177,-60138.19864731967,-644.272169367846,5440.613809181591,-445.2129646839262,724.6238804311301,1.0881311828266782,-32313.630481048684,1.013300915629251,-31188.21672885334,5423.162219317944,0.5572985990906465,0.0036757576120128887,-6663.129338134064,526.7869834733523,12287.508575208778,5222.721065840487,-41.05680652583127,7.0169094856656296,56.14952834858979,18.297122663466492,-33.541935000932554,0.16572583208626007,0.021005292172126877,-3.755320617888733,6.604437334022737,-56.68169216099818,1.032734288600483,45.08300068988801,1.9448715370045355,4.630690981868891,-5.916901050575743,29.487187318375693,1.0812729345537164,16.213217240341297,0.844041964076452,9.970904439794296,-2.09369519951613,-1.3593072290706352,-2.6322659622164464,2.5918598766412337,-0.042125513278162885,-0.6839572437600163,2.1756506932119497,1.0440367476475683,-0.009689802662179392,0.52763533895367,3.4794114615637977,5.0,-0.04320367367692155,-1.21429752912965,-2.0215797797181665,-2.0892387502377328
-2324940073248.769,26661123245762.016,359924662272.0157,0.9624775010645655,3023909150885.342,-16743294835241.783,0.02865280380654573,-7172174536949.269,-199090896895.93216,-4497465.502766127,890494420503.0715,25634939179166.945,7400401364501.589,-4036053921032.454,-1398540496291.2866,6386494670413.962,7372326655081.302,0.8551313889148177,10410389.719639665,-7694.027450594711,3523604.312685605,14026.701571491349,10001406.32875808,5052938.1940580215,0.9919160986467364,-10554.704471219151,-92.35315325390575,353.43753179448305,-78.68165545967211,60.15965773464894,1.0945385509238186,-5889.513575658521,0.9911820975008918,-5671.744658372975,737.303641243617,0.5867818692965647,0.07656219749921074,-960.2797020197487,55.31501726707315,2537.104862992446,761.5290970493782,-13.069136493037826,3.2877047097349643,29.05444707510116,8.103011093119926,-19.20979121311738,-0.1306398694768917,-0.11145946889668529,-1.7126230910825786,5.550573326390536,-26.193700825402225,1.0686979950969837,21.722889730087854,0.25214847860575856,6.348330063381254,-6.043559671522312,13.099487007589538,1.073331636338063,8.024546855931208,-0.995864269647964,6.361277095762804,-0.02983633578953524,-1.3682189057009662,-2.6656182322024398,2.4108945111921205,0.08027875979950472,-0.893112986470225,2.3011579700375755,0.9976236750570806,-0.09073928052898582,0.2004189461827219,3.5867258906058397,5.0,0.07699366662021348,-1.1607359939220432,-0.8429059392876355,-0.785462919943463
-4667904205064.971,53528941947277.68,724408270847.9794,0.997050886155519,6071258906458.215,-33616387063813.92,0.05079990458057648,-14399942833869.271,-399725363200.0269,-6396760.519610707,1787891993413.673,51730270284139.81,14858167516987.07,-8103396315887.062,-2807923141918.057,12822498994449.32,14801805382901.086,0.9323909822053665,14788075.704308111,-2099.71561584019,4998628.087644853,23782.59111278456,14191495.911493082,7168432.361615699,1.1001027675018527,-15348.150832183817,-217.49135654363874,5292.3028647097835,-97.39889948942444,393.7752676156663,1.1856534645548815,-6614.593366594339,1.1378891977673773,-6392.928889433382,2160.9651484759765,-0.5580363139458242,0.10062338199821926,-3240.265702008394,306.2976603247708,1565.4986946182241,2540.8889780162713,-30.75046227876381,0.938909179288829,29.37946874647186,12.578389601757172,-22.20127770981108,-0.013453426479049478,-0.0017210665398839514,4.66917180768535,-5.469312066953062,-21.11541008333322,0.9601813719762933,13.709797165350764,-0.002301255977474645,-7.343714810946595,5.502755826485207,13.575445913858939,0.12988095613939205,3.5793555246074997,5.051934153172269,1.4016583874444557,-5.30722220465107,-0.24151476048216147,4.718940713753377,-0.06712448276153576,-0.039689597216093234,3.321405826022781,-3.6735282763260177,0.0372502935207446,-0.17937598214040362,-0.24734039272593325,0.9254121394256228,5.0,-1.4277993029042082,1.0078391351624467,0.8880659646355259,0.9930076601136172
-389237109736.2877,4463552700665.742,60390719488.06982,1.0101855800625499,506258071021.4507,-2803132807840.8623,0.12672852010153704,-1200755452877.2585,-33331365888.051796,-1829951.7791864239,149085060086.4059,4311374599446.425,1238964048501.9922,-675708948209.4955,-234141032853.95975,1069215560127.5325,1234261770988.6375,-0.99359111287317,4273710.961510189,-6768.765387536394,1441603.015476709,16343.166298152239,4115165.247069704,2078225.3526751252,1.0194404102559733,-11791.081217921159,-135.03834262061324,1437.7859184453598,-88.74157416258892,177.90722915863626,0.871338305687976,-6319.528136524721,1.1347846270792668,-6100.005094026195,1176.3502018758384,1.109991040956387,0.028844662281894445,-1514.2822063597087,442.4324224917998,1929.1144191313529,1174.55726087947,22.15595221167603,1.2858800133173751,-13.194395059879163,-1.7614972202377162,-0.46213379154295486,-0.0707774472276534,-0.016030078420722443,3.2148976229869555,0.20092990802171942,22.917299093129923,0.07422848016230534,-16.62881541187016,0.242552916414027,5.267567840182346,-2.750602519998812,-12.217359463258793,1.1228643438813204,-6.310806030961139,-2.580124696362191,-0.126335390615802,3.024538321193487,-1.4773571955767968,-0.5751207467038317,1.6279456132912826,0.06611606606242577,-0.736939390864904,0.30971229773753167,1.062668954729262,-0.1501973326828721,-0.20053814215640822,4.413705298787829,5.0,0.5224603096634797,-0.03340766107972911,1.1212002051943941,1.2639262534844269
-33363109.845709305,382545262.717525,5120280.435930624,1.0250114459699156,43406416.94366603,-240292699.9571001,0.12368425230742604,-102975562.14323547,-2856058.0536932573,-16404.686952928412,12781106.866370035,360891100.14071256,106237996.44500504,-57922950.425718114,-20068985.03726264,91655537.76596193,105802967.72051874,-0.6291290149589251,39421.70293458023,-275.09346814442034,13338.625632227191,349.4514450751758,38474.29107377806,19445.49957406881,0.9951886258965142,-341.7317944579048,-2.5104820758249,-3.0239029659089414,-2.93770172387895,-32.019755209770075,1.0359399810591055,-237.42522776476395,1.0101117594913014,-221.02762221253153,19.160131554773127,-0.26626428213459274,-0.2871116495490513,-14.553180099329936,47.669545418974494,73.58688420079748,23.367559687133053,5.171005856679443,4.859112859360137,7.010810716171495,0.4503608401388872,-15.596012101767515,-0.0772190881053863,-0.022619495475503466,8.340484750441176,0.47733199821630407,-5.547272267851429,1.114737895727082,-0.16378496323505287,3.2965615653049705,6.237094212858519,-5.174833161155681,0.9781893103085619,-0.04312602830510995,0.19729815511453486,-0.7667274842470133,1.7260598072838491,0.41510732536761247,-0.9285722870106012,0.07520365850620123,2.8886804098527525,0.06880727153814337,0.22222952047785213,-0.041443907933718716,0.006161235276415815,-0.22808235678083538,0.7183514536095483,2.935177650481743,5.0,-0.21018755800785643,-0.25014460860864146,1.5465142682825366,1.8481827772261923
-4195936848083.449,48116681315420.14,649214754815.8617,0.974466856549498,5457399997545.217,-30217466921076.66,-0.10974565963842974,-12943979324355.668,-359309508608.02466,-6057608.826861046,1607119990633.9946,46211518242834.0,13355873150788.488,-7284069779068.1875,-2524016705609.6084,11526028555776.65,13305209216344.38,0.6426393009202067,13972218.10901035,-5884.182266177772,4736012.808396466,5238.028885146848,13411259.195808968,6776367.198427832,1.1129100440349753,-4857.31852945812,-17.91261868272602,-851.6348894169553,-43.781294296403026,65.93833914054551,1.0144139730875399,-3261.1093938958106,0.8163781877364676,-3149.9200284884228,63.382079799688704,-0.8529057472158025,0.056460596485725094,-223.82685553525792,473.1457768007743,1234.2182445635237,158.55211185449312,-2.1716746635196955,7.1075133092525675,-11.219730869485765,8.596769419612931,-1.1235040990415328,0.9956634158933072,-0.03682903622140087,0.23858474265021187,-3.7728059077265717,23.598772092788362,-0.0013868025323665388,-12.552594295388152,4.1815837633102735,-4.280359157012559,4.361923892210383,-9.43484459682265,0.16335659542775904,-6.526658379753067,-0.832996666667588,0.20312652787742955,1.8140055613227082,-1.1634292508374269,1.6797257563234145,-1.2841646669546063,-0.12866769167478398,0.28853691187866914,-1.623868419795658,0.9368961059002192,-0.07829407255781735,-1.635973319755002,3.9066195200785394,5.0,0.2569320660559888,1.0293489772398794,0.26640776598787985,0.2647049523408557
-55211951408.9932,633138661102.7059,8561335807.900896,0.8633533918590635,71811319995.66328,-397615502672.56946,-0.00821678876217842,-170324419831.97952,-4727916031.884992,-685345.6036126252,21147267038.24552,610822432282.5021,175743891833.42603,-95847148259.60681,-33212105457.681183,151664805524.00592,175076073073.51334,-0.9461906466613502,1609430.7720739208,-3650.036262605279,542115.2948216845,8130.807680743473,1552336.1652950041,783997.0358794915,0.8345790392667694,-5818.8291434803195,-58.783182619719476,497.2221849234839,-42.85127477173836,33.86369649060363,1.000253881542365,-3187.9040607493553,0.9776204201939684,-3066.231900945784,540.991467817362,0.7386958311598023,-0.1561522860790235,-567.217887114405,3.3922610403227402,1271.406563166735,448.3009123093106,-13.882883887918648,6.20145375539672,20.82133386506709,10.41492196872696,-17.447745879330682,1.101983893222765,-0.0005636843476390201,-1.8633202227021477,3.7111099077696337,-15.747351664362716,1.1095478186079841,16.013167747775594,2.7535722745118836,4.178161665979252,-3.750636539435338,8.423065636176037,1.0040871839153072,5.213889841552784,-1.395908470819293,5.2782350630666555,0.7480307162104534,-1.2568035691760686,-2.175838974056069,1.3853360619683284,-0.09175193627108637,-1.2100741600374425,1.5494303283103903,1.1006927053475273,-0.1450976328121313,-0.4767342757501499,4.108818711724162,5.0,0.41119849658553903,-0.6205586778591153,-1.589065878750108,-1.5475049344321339
-15946481813.397219,182864678731.581,2482117375.970676,1.0861054249122966,20740909149.732594,-114840834477.25479,0.10419585069782081,-49194152985.629486,-1365521663.9821672,-375219.4916095293,6107842606.203438,177807303429.91986,50759325888.08661,-27682928095.79036,-9592424681.698423,43804389494.38358,50566119568.067665,1.0586475905039163,867132.6871484781,459.25489781507173,292435.6604976542,1873.5174583257256,831341.8034834058,419782.7970585016,0.9609472494766738,-1168.4001280986838,-26.20863583866254,733.1279934800286,-4.536661592515936,44.748016234278005,1.0069288778782906,-311.7648794964492,0.9719113111502831,-298.11723691445303,161.04400386294643,0.4379094330508622,-0.11659914547829982,-411.35861233712575,25.732554740666817,76.39289455322643,335.0314438675736,-8.915150055749411,2.274942485100896,16.369646360767657,7.402660982534214,-24.400509418978604,-0.0714032178140887,0.1524911779221193,9.624574182333134,-4.005873648126591,-4.477853526956926,1.0109480166338052,2.8853716557657627,0.49656176549187814,0.8913579074594394,-0.220786970903356,2.8621847316080324,0.06381176244272119,-0.6060749796984711,0.08667610423923372,2.4743199768314,0.1634620201030794,-1.4351057834993906,2.220220726048824,1.114520192213049,0.048416450126515354,0.35401413562003237,-2.071777758038096,0.7779939951317113,-0.1308747360910529,-0.0014643893791730855,4.144652555156592,5.0,0.26489455681942736,1.1619225328725329,0.44189703431475,0.36309063695833543
-2470355.2267091465,28140898.144098908,331000.27806113113,1.0448855298123192,3185354.206776502,-17665648.237161644,-0.16626801123948315,-7593446.490933524,-211097.7306794844,11043.634297023502,940586.7342030653,11548342.584969964,7821110.346113972,-4264209.73406595,-1480867.3356092738,6753009.692970325,7786729.585196262,0.8175788816325583,-4479.3861990096475,-1868.6382572839711,-4473.56884753889,5574.747146765257,1082.824052383483,40.55713903885254,0.9007959959974292,-4203.994558815429,-56.27583271391434,745.4614331179181,-24.91446196162835,43.717143214002206,0.8735395671282566,-1912.1416240735284,0.982694723042406,-1838.9608866668068,231.6450732100615,0.254307495035126,0.034983255262288654,-745.7691303959324,0.11436525040553672,964.4414998251996,612.3324960817595,-4.458796789762318,1.952891324416226,26.57356961710551,4.896264955891755,-36.394430633287335,-0.14332702225903013,0.09162234559406068,13.835678780242487,-1.3626473310534484,-18.402862318125177,1.0799318010275536,11.142222161714939,0.077385025639466,8.566354451288483,-6.654555371303131,7.446887676342441,0.08136469975955489,3.24909693756585,0.17937476224164417,1.966240343134883,-1.1802744688596896,-1.4987449737120295,0.5571448498432593,4.320756082782012,-0.06608639028085256,-0.4824896209646248,-0.6874003081026163,0.8968048083283241,-0.2331747774087166,1.9054760926120062,4.183680747319552,5.0,0.38816073979117777,0.41007422529726995,-0.41343717542854674,-0.5054003718520348
-415914694937.15216,4769476806257.242,64376041471.95229,0.944279276534987,540956046657.2333,-2995254417778.7173,-0.039903957368551936,-1283052821847.3787,-35615838208.08473,-1899838.3049162927,159303071866.226,4584128691578.672,1323880233754.9773,-722020802001.6304,-250188633206.8324,1142497626492.0886,1318855818263.5076,-0.17162798597897433,4402938.4756759545,-4369.134308915374,1490351.0498838332,6678.122773028736,4232251.387590431,2138096.673096123,0.8190968094841766,-5343.138897461168,-46.24418947867046,31.606849837854206,-41.91484915619255,75.38652266342811,1.005810521159545,-3085.955753334374,1.0678233107514494,-2978.217342643482,302.33100962555835,0.07027017485458553,0.027854641182378893,-550.0039684963301,299.4927695119729,1120.0748664337045,420.3652501044863,8.830495178182346,2.467483647258999,-7.717458153574862,4.175067779002236,-2.758557216740515,1.081128257866704,0.014805627194606536,1.2198670094060635,-1.0720354415355988,19.535187362345695,0.014299681251165392,-11.257579601557259,0.8826771424123074,1.4785980507827967,0.24485379830109813,-9.002453232246351,0.8412471108729704,-5.268271829748601,-1.5280573494959502,0.08807439461735386,1.9183719097901737,-1.3589694899868323,0.30209245963201453,0.4041097159606521,-0.233390324188317,-0.46383762851880395,-0.39410513075960435,1.094045814632345,-0.12752319251220776,-0.9284928872582997,4.064603753663809,5.0,0.41026879804716326,0.3087078401727674,0.21903594108449645,0.21594093537049747
-6697755338.055779,76805684397.46431,1035030656.156193,0.7542785962595145,8711558476.27706,-48234993357.771835,0.16905248555591565,-20662539742.553783,-573534783.9341667,-240977.41716378872,2565396831.9874363,73571207421.54634,21319877105.491272,-11627268519.393625,-4028959135.4128323,18398538529.739388,21238571810.59752,0.9568348746044453,558135.6334732989,-842.2563726414311,189489.02059381324,565.0587756273508,536888.3051317447,271321.6099959749,0.9701670310994625,-614.1386939227932,-0.10799611807014795,-98.22309626981937,-7.568866340317021,-28.401270079912507,0.856986168897952,-576.714112030827,0.7758684423882751,-545.9812168612642,67.9626941192047,0.21547857959948233,0.045700616480611744,18.680877514419976,235.00086314224987,5.499776191572435,0.8363384488465094,6.641669884086369,2.0901533451835825,10.460144750782208,2.901403432697598,-21.958896189311645,0.027051971883528314,0.002402692524468988,10.970037391755882,-1.7926979830843364,-0.06388438708473304,0.030629260764446966,-2.5336529755825916,0.2440526477067913,7.564705760612014,-4.837191209191475,-0.9888725443204034,1.0284570913730113,-1.9581133538551152,-3.919257410180166,4.905323542914271,4.564712615201554,-1.8497244361555163,0.44910650067900704,1.66128990621449,-0.08638545591894739,-1.2974220370895644,-0.7887276212948078,0.9892280241712123,-0.05770150636496574,0.08989461479535389,5.265749745495306,5.0,1.0606828934707537,1.067214020748877,1.0905784470471884,1.1028000300385152
-1849267681.8968587,21206084363.990047,289524384.05774105,1.0062099371683988,2405329929.569328,-13317894599.454653,0.03426130969235161,-5705165861.313048,-158350896.10115826,-127790.12572127937,708320451.8563913,20866576052.8703,5886622570.689313,-3210336703.744185,-1112406561.5549672,5079912987.667713,5864056362.007471,-0.8664604146960393,297298.6593338854,226.20453932072277,99693.76756954301,1518.6720896153047,285102.41307707067,143904.34602093318,0.9667100099157416,-870.6193070202615,-13.798147683869006,485.9671443767132,-4.7386467086046915,23.377827690604978,0.9682558190877351,-317.0595291381106,1.086336254754596,-306.25060399898814,172.49760272795987,0.46624437978267713,-0.11391285695438785,-225.5923714520248,0.033272548489359996,53.71857189865867,181.8302377952187,-9.519390569261535,1.1890823033123972,10.917234321670756,8.7513675791328,-17.209360150426253,1.1822480976197158,-0.014360769189398607,3.3530564931665823,-1.4278116244903312,-1.5451001772575779,1.0846476596272352,4.610011358125168,1.0609870198522242,0.09991557798843761,0.5131982962942317,1.878287367898307,0.15146349705917955,0.32680999788029597,1.2959577803989184,0.028012607898963822,-2.07527707395369,-0.8707973160155591,0.9754721851833773,1.0151339991371184,0.014552233164316475,0.32690544367072893,-0.8108536987424928,-0.13708856049043935,-0.2684535881661828,-0.38094281657289997,2.9831052062129357,5.0,-0.20963362281089515,0.14673361451000255,-1.0330222375027827,-1.1904358054074842
-154208002131.3638,1768370055838.175,23964039168.01741,1.1121154773805844,200569755156.81763,-1110546333428.3677,-0.07476008392845848,-475716794484.69714,-13205199872.03355,-1165104.72020988,59064601768.74645,1713756929371.2043,490854040512.6204,-267702622191.9183,-92762033244.86859,423602214725.6501,488990287680.13794,-0.8119873741189099,2691455.948147525,625.0700697309704,908991.7517814626,4745.867867235675,2581105.0152034303,1303680.4903530916,0.9038925573653203,-2748.9506674974436,-43.31403058869178,1460.2869922881289,-15.466215579168761,95.94123607108473,1.032870382230687,-980.5991812231232,0.9339979291636675,-947.7445208084963,524.3674682813528,-0.17256757561404817,0.03516872929166794,-725.7351727492315,2.2971853896272125,129.71450285985472,574.1050370924196,-16.831312747978735,1.0981084437073436,17.119617534438472,12.204197579399514,-19.87201064838645,0.9525882068531011,-0.08472468480496512,5.1559474004337496,-4.181637480209976,-4.0072363245663585,0.9439627453052166,5.180786380518242,0.7246062022929524,-3.4677287509771646,3.0270774013792363,4.218284007137919,-0.01937858571313032,0.05172624295085968,1.79253472009091,1.1124620173482687,-1.9275164891113934,-0.9793881070258139,2.6807979342387465,0.18154835041820439,0.07519614981732184,1.1949987166517644,-2.2146429632023445,-0.10003227477564747,-0.08296312190757625,-0.41962781120442805,3.0214761423766348,5.0,-0.3288033826064115,0.9502911034473546,-0.06704919997561806,-0.2816532262411948
-2410452926.117734,27641339455.790028,377549536.0989461,0.9101889066502149,3135236571.346039,-17359316525.509796,0.13079291540030266,-7436413159.715235,-206405600.01844087,-142966.94699177396,923266378.8262885,27223654956.7925,7672935375.560361,-4184542464.2321525,-1449978355.0682607,6621461360.171738,7643556273.055953,1.052201465235707,341164.5080920703,-1239.0257307881031,114354.3523282663,3784.811032906925,330216.78060572187,166692.96244825074,0.8025748764597347,-2606.912908805162,-24.89539214194897,551.0517016290439,-24.20253232809293,-30.20782344737826,1.03574707601596,-1670.2208352748517,1.160477079685152,-1599.3040965958205,504.19083022217137,0.9402537260871592,0.17173348980378464,-268.726642760404,388.236722537865,16.55355400875361,238.03211970848642,23.24942396664393,1.4315402802515553,10.159692981397317,0.7201098945566036,-33.37384461425502,0.1094949128981318,-0.07865052476437494,15.721246678974682,1.8804856352644987,0.13662649511024555,-0.04820464010845606,-1.3465507677581643,0.19498760350653027,17.77144355524395,-13.15457356885087,-4.637712709637615,0.8608105544817154,-0.7355580031658456,-4.359172287026153,1.4280625165120608,3.3177705241940068,-2.1214627867549765,-3.239642001887166,6.2689461421178985,0.028103299536019963,-3.3170581581761325,1.8125681931425104,1.042531358828406,-0.08330574980044056,2.5893597272048647,6.736715164596417,5.0,1.8649673181474673,0.14490763112890007,-1.2703971327719823,-1.6089316856851934
-965661421000.0935,11073664644546.416,150918873088.00647,0.9977224112797726,1255978019950.2961,-6954310163806.88,-0.05601760793664776,-2978958268212.187,-82692128768.01529,-2811345.362326528,369866007685.4555,10858137094999.975,3073751148759.9927,-1676370826935.2634,-580882268358.6478,2652624045383.7197,3062088219404.1816,-0.4040685968804613,6807699.48021005,-31129.389793872546,2260935.891528393,91224.08132103895,6613201.6630749395,3333947.045597246,0.9299636141595073,-65831.58387217738,-851.4735950960667,10685.178086382846,-430.8950007836252,1182.4508909954216,0.9746954199511677,-31336.566037960998,0.9496240070634085,-30238.308768268802,5132.226016845418,-0.44832918465648486,0.05380426380523933,-10531.891111067784,109.18708467373796,13278.28161294222,8277.863118935935,-40.41872225701093,4.323665443943528,73.63966642282195,17.407874974943145,-65.87458095342977,0.047135369311926606,-0.028443590645288258,21.211513732361006,-3.3687733757281713,-64.04130357002346,0.970521153965072,40.05998758027518,0.031154683133570595,9.045288816135374,-8.245060072216045,31.133089737518677,0.9534937201641167,12.208140365115112,-3.829211374068863,16.382403979498932,4.884232068738363,-2.1348813836874396,1.858452917730082,2.1882495547838405,-0.05792218153498255,-1.4714863437562955,-2.3628574500742143,1.0592839635715612,0.04757559057443883,0.6358759183173416,6.577313628306917,5.0,1.674072106669753,2.289031830951724,0.43090190089138425,0.2928824038571595
-1178588559925.892,13515398296696.854,182282436607.9972,0.9750749103445814,1532919768188.8943,-8487728458159.899,-0.04261598977426854,-3635814034738.366,-100925669376.11266,-3206145.3480792395,451421042359.3761,12969257434904.941,3751509157461.1484,-2046008803690.2795,-708966177800.5598,3237524712992.5483,3737275453373.7363,1.049702048191371,7402841.832885533,-4366.941173137844,2508929.8505688454,4164.517809450153,7108502.470185853,3591864.6658913526,0.8348035069268668,-3751.0249878786417,-6.621492265805627,-737.3136537184954,-32.295211118159315,-82.29312829115094,0.9360548785118323,-2453.7804408130846,0.8496294944953412,-2336.693955166679,6.412903469067478,-0.47564793391912624,0.1059627810504139,-34.85753007300519,31.14183608919216,1300.6457059466773,24.8068828343339,9.225991940646397,3.4839360395905237,14.44964738637869,2.4771957623074883,4.0985964957229575,-0.05119971663228248,0.6239146563059085,-9.631053312728687,13.532317874477526,-19.805124004256797,-0.027407808186744105,15.487600376229446,0.3238000621672884,12.750209066057012,-11.838327429822712,7.449159423703943,0.9998444687642086,6.639048499726945,-7.1534873827445296,12.015546572764677,6.999824861770949,-1.5217141449233458,-6.738481365781468,1.9067494977187411,-0.032475723660560125,-3.2237797539141675,5.5585580138012585,0.9735727543062425,-0.23748937017837649,-1.2088499327897388,4.837003119327226,5.0,0.7772323114789718,-2.583099473129893,1.077358238713247,1.1852889433375051
-96264612.63233912,1103679954.1761286,15848201.12769993,0.9556351399413264,125210169.20955414,-693212763.8634312,0.17463611084304007,-297047787.50078416,-8241211.059299835,-24194.0199734994,36871486.79255977,1203818694.813998,306463562.7981836,-167105181.04874763,-57902758.60772719,264425871.20916626,305234768.2268612,-0.8469408540324296,73552.32704856299,-1715.2679973463298,22611.662999093558,4934.029325347634,75112.19280452431,37511.535896457644,1.0969610047982896,-3618.7222312317176,-44.87170743534569,662.4989750418356,-25.829434503950523,56.52042448206057,1.039577612228279,-1841.9389038438785,1.116890842549077,-1771.3921605715022,342.8066875305214,-0.3327293939139223,0.06561550140087409,-607.0722016247597,226.73916374174343,497.231945636427,469.30023471816634,12.894725832978288,1.5487129597128788,-4.699457045353006,2.6571716408095254,-4.543283985180234,0.9646822774549465,-0.07000166629748711,0.36729696902912207,2.2737931215198226,12.794421114351687,-0.05147205780983319,-6.342840756522382,0.40340980012588523,6.245407868737076,-3.6971199325973556,-7.100433730213536,1.0676930907339135,-2.972939858587945,-2.330143133141145,0.7833100818557935,2.0203880666585934,-1.2867556449992728,-1.5417282404977486,1.7783722445043322,0.06546808085232537,-1.3649326289915917,1.1622658614614096,0.9656214074148703,-0.08935806231944471,-0.2032748401432186,4.376001681807552,5.0,0.5748358126127397,-0.4531642864775691,-0.4662091140468339,-0.506029239772948
-67018210.652326666,767636633.7582158,8576047.946442079,1.0057929407853665,87038425.9954918,-482048965.9264846,0.058008324410225354,-206604137.50758198,-5736215.997433832,46645.17071943145,25644979.73973085,155993306.84065118,213118847.9815573,-116225443.75569953,-40288019.3133265,183935734.25004902,212283973.35073665,-0.8096482874497358,-15420.81110557483,-6860.4420530435345,-19666.882194505535,28233.2708944567,4627.0665783594695,565.962687270196,0.8693703645613061,-18320.084931794878,-212.51405417603314,3984.1808297876823,-134.27390269850562,294.3541405366878,1.044157743960039,-9359.323148839156,0.9906047156965767,-9032.297076394292,2669.9683790346157,-0.3534672790563097,0.09630443207814177,-2452.523824214231,142.66009674657312,2498.829411793117,1907.3993781447894,-36.200715050046824,6.198823158886675,25.284973741778447,19.16809283058259,-7.531216684387975,0.9400570282249265,0.0439134199222017,-9.484802761942682,1.9797878854661488,-20.772537901569756,0.7589326403809371,21.980272477851088,3.485999827951797,-7.427603297263518,4.2079190146885015,14.585522509715956,-0.11170881593042024,6.767381547204889,2.2698294780392687,5.251630979644272,-2.3691172665642135,-0.7924746677835981,0.33841074528638404,-1.2277973619354094,-0.00812810624644221,1.2436194271147576,-0.018767699389673542,-0.08780146011362554,-0.021549583298678995,-1.6457931591459447,2.035945398749771,5.0,-0.842617794360176,-0.47064966770482086,-0.46131908543144046,-0.637903433065732
-174731033.53483108,1998568036.7809367,22565299.882177036,0.973708590152556,226613846.36929008,-1255213291.748471,0.009636893011666637,-538559227.1876668,-14944493.851745795,186609.0316999928,66793869.2265934,485865983.0185155,555289173.5370516,-302719542.8696478,-104971103.52011831,479152772.7190453,552877084.7730938,0.6457292796278546,104208.30360820572,-44491.56308652438,-44404.74613089876,151128.85968072354,225813.1366742337,101244.91588221693,0.8078420526946615,-106407.92507028373,-1423.1889206843084,20434.25244508026,-700.6135177941404,2047.1134486200535,0.8764995458301454,-50229.960420234434,1.0784661003181972,-48496.25560084865,9809.277284897864,0.22079898316222274,0.07788176898542075,-17659.039034838137,588.0445615877727,19241.652702910957,13843.237187291224,-58.093697012966004,5.799358664959115,83.45001427805413,21.504602410332478,-74.400292249448,-0.0761665452827351,-0.07556072625762723,21.85411973752176,-5.838982336141859,-75.87080159983455,0.9878940247999454,48.99100052214626,0.9149640182133866,4.7087671768475925,-5.083805245550525,38.11216920373937,0.025648650155015204,15.276873729324814,0.8329920578318267,13.169420038216085,-0.7890183934346351,-1.6132908085387068,4.115019438913631,2.4266551344369858,0.08454643163004585,0.23723086608301241,-3.9197902227146324,1.0183515057476011,-0.12485654525706306,1.1855960653023638,4.487236344461261,5.0,0.6402614098238097,2.3738458616864504,-0.5142705103751197,-0.6577016489236038
-67522854832672.53,774314867779716.8,10454422257663.94,1.0380380415530734,87822810869177.28,-486272585266938.06,-0.1632583344719427,-208299956206480.06,-5782169976831.9795,-24316477.41396757,25862468308344.836,744689476543365.6,214928377134002.84,-117218415436537.4,-40617581955613.98,185481858892184.97,214113207150476.38,-0.7738774321744659,56091422.21446222,-17151.735849426255,19003374.547868997,31269.32122428387,53829800.962005235,27197400.917298965,0.9646962853462233,-24130.55048517183,-253.54672151572527,1681.4356274521467,-190.20294077799957,368.1670987042391,1.1921746804287316,-13792.761102582974,1.0720270537222432,-13313.634089628591,1939.600133124639,0.3174130439717928,0.06859770004277485,-2908.054694861314,1799.7163115952621,3974.947173564962,2257.9955690669044,21.83759395555629,6.216760146219237,-26.266297112271726,2.061467248452794,-6.236731995519495,1.0752247611111216,0.13030111978136613,4.846742497956468,-0.8462417132208326,39.24190731640865,-0.01930396747347827,-20.97893559310854,4.187676296265772,7.0160913026000875,-2.774610054761472,-20.167206773869594,0.9936113227677202,-10.061341244618703,-5.787573836252957,0.020754826397735418,6.998368880251751,-2.4884451294225407,-1.7733299790033257,0.6185281051808236,0.10584561792840735,-3.380818442077807,0.6733603342537294,0.9149288357516583,-0.2687269234119618,-1.5002819067066988,7.370382417495785,5.0,2.203852274971001,0.7953939869152375,-1.5367981024777126,-1.7749642230920057
-2525326788404.4136,28959046709878.438,392725266431.895,0.9234572157064269,3284539818193.779,-18186399654865.9,-0.03108183765690958,-7790343998021.896,-216250548224.01004,-4690310.628480959,967246140792.129,28107499797486.688,8038241813527.656,-4383921493759.83,-1519080772694.1633,6936946797344.872,8007747631000.539,0.03777859487681469,10907767.43665284,-5943.237119073091,3676363.674883044,37882.97898446813,10480656.73679632,5292689.705258346,0.9465657853721909,-24348.23824281228,-312.14388025791055,6964.229417894556,-167.03875462590523,510.82698744359396,0.9203894591933832,-11442.377030119325,1.2480563715045132,-11057.49904129228,3587.272880453602,0.4315448287316167,-0.18873778539086486,-4200.407946122278,302.64786132066286,2806.9876439141763,3284.3402175688298,-40.688277941080095,6.303653561379232,30.272635224104402,18.01801066896583,-23.371932779107468,1.0289721326103327,-0.0016229098013949284,-0.3879765442603724,-3.4558112730872033,-24.047733699743343,0.9972903974750958,20.99492978120045,3.5423505798414503,-8.007361248393414,5.81207687439507,15.9449898647109,0.05919154838118504,6.221027538075354,6.016962496685839,0.6126862670630772,-7.178792446768628,-0.24474776143051624,3.5108340837067193,0.06178226081026085,-0.06921557716975951,2.6214698583422638,-2.5832990333296237,0.1620206952167521,-0.1442752420354831,-0.25102580277389114,0.9304912279801394,5.0,-1.3583861275181244,0.4049501976804079,-1.1316165081356702,-1.3543070943849578
-1378.5508061240937,12145.82281158837,167.9414256877962,0.9185553441394927,1337.637029229841,-7666.924500327534,-0.11796999282746218,-4035.3833908839883,-104.763849894007,132.72682979823196,528.6823813059945,2105.808196162899,3541.2122234529693,-1857.4311796398677,-664.1812040322811,3172.599631743502,3424.4580634190597,-0.8560230279720312,62.36298599579239,-21.05803288032932,-5.2376501128696855,137.22003577431164,162.91812255838911,95.4769401656837,1.0785776031420304,-97.22621226586756,-0.7031825654091477,48.246066531469374,-0.9464374974495621,-16.752053935245304,1.0255658333499085,-85.93889903772352,1.0597015428296475,-78.9971320546425,26.804539037245593,0.5120332763783833,-0.02176510378556727,-2.0270815162874225,30.377940743858648,8.88427064513464,3.4776652991947956,-1.1384423438187041,3.1305011238650153,8.384799370898737,8.109615815243277,-11.662655260700573,0.896954860188366,-0.04024037397023342,0.9105057890274446,1.2850576883648408,-0.2546296617294497,-0.01242059267596319,3.076591656994091,1.1488258253730856,3.2515251594191206,-2.6635519083767036,0.12813058127697888,-0.018556989414091896,0.38814705998911675,-0.09843076293374325,0.8344146719371018,-0.4896967193686155,-1.1892427592222368,-0.5105424434812416,2.0811672846936107,0.06209287720876697,-0.3294775676334878,0.5151768344560538,0.938104408825709,-0.11071276578051764,0.2743217268771468,3.537430006504909,5.0,0.10168136683618077,-0.3027556057462351,-0.5050286072112476,-0.5705500924634442
-3446160272.302421,39517968196.33136,543946304.1027391,0.8697844645285847,4482311421.391107,-24817977305.192776,0.054260864690632654,-10631520184.544983,-295093824.082124,-162591.31880964487,1319959106.5133915,39551107551.79289,10969674019.242281,-5982494669.044596,-2072989914.389929,9466477264.744085,10927724014.052612,-0.6801461531202682,413288.62072472845,-3711.1711945008465,134960.00357219973,10752.684134423644,406153.5374892236,204455.30274623435,1.0941321159763837,-7625.021239439331,-94.47357273163283,1265.0000178877847,-53.79161398462415,99.14339679470565,1.0794148068101617,-3903.954880741491,1.133849987736878,-3766.389400857387,765.5139353448931,-0.810572345851622,0.10045374686028619,-1086.2599276266546,176.38487705544856,1334.0690022866038,858.939307003273,-12.66685562146925,2.632582794600134,23.535134356703143,8.564803048486741,-16.878884229772684,-0.17158856985291693,0.008490303968145575,1.369305408160295,1.2948157331867094,-20.10914874846932,1.0289551985289163,13.254958929400475,1.3130884297623469,0.5080702588325037,-1.7530479055612176,10.407388931686711,0.07690091678392508,5.529293542127014,3.461719307778873,0.2661936586868202,-4.65568869235732,-0.4613769218345986,0.5129144625505757,3.077333899878177,-0.2662352724068858,1.714411055878751,0.13083605611360713,-0.04756739095335902,0.07109625140102974,1.5758907075572282,1.446572191422256,5.0,-1.0791052457043488,-0.6757227899290551,0.3958980839025231,0.6271397324959244
-11127763.82274343,127569511.7268229,1736551.9540050488,0.8472780529474889,14479263.297672812,-80145071.17497683,0.0404202816756665,-34358864.52200036,-952342.393734312,-8912.936522611357,4263304.296589646,124532081.67675434,35442294.35454532,-19319258.176397268,-6693211.094981845,30570745.49496508,35288659.803737715,-0.3615359362137329,23135.48961463574,-326.01791935028575,7611.248149586492,612.1515679679186,22933.317175315016,11572.536373664936,1.0570197451168328,-411.5456807155214,-3.8142537576033253,22.709036377473453,-3.4825874929385283,16.02673317108965,0.8710719707312304,-259.9504829922027,0.8802847640085277,-252.68307063739255,55.07518754149143,0.3543003396823521,-0.12040750988719223,-20.809363435050827,21.389517719519976,77.90032467013836,12.24010692979145,-7.091401223470682,1.4301684164064854,3.7577884519677727,10.188650729239644,-7.3692649694740515,0.9955371589047763,-0.02456707116762186,0.3531813241644878,-1.8633939785830198,7.400654661626015,0.04935447171822794,-1.486925653886195,1.023644143891762,-2.767763280692075,2.700050376620596,-1.676812293979688,-0.08967932843065508,-2.026736574196279,0.9806193410127511,0.012219097628273211,-0.8003810932914931,-1.133936043045995,1.5435518876296377,-0.07257409547681523,0.19160698713376564,0.7892915810479704,-1.1620182076927055,0.15675875573288722,-0.1959746179652059,-0.9347147872120394,2.99673293372309,5.0,-0.23029189165149636,0.3937681834703126,0.08392212183263392,0.047890003925660465
-37438880101.28228,429327220797.1047,5795587583.804792,1.1738784268489548,48694898722.69966,-269620804773.3496,-0.11644721570955824,-115496250859.31407,-3205965824.2338643,-566792.4163626384,14339845754.28068,412743119972.5456,119171102014.51738,-64993396953.52851,-22520924293.160217,102843026740.35536,118718073576.32181,0.5232823216776139,1322169.7784439318,-2501.6636711170977,446902.21524169133,3864.6046817492747,1273688.0578724514,643293.1682314586,1.0402003143319614,-3153.2772775479784,-29.274642299206047,81.9965118774804,-24.07678270786612,50.72886480608558,1.169131219141893,-1791.029822687392,1.098460447198253,-1725.9911785143465,156.03200086807055,0.3942240450140377,-0.05176320726339301,-385.091143079381,231.90916487951435,625.8619341027975,289.8832672230302,5.986214420229492,3.0356865386998524,-5.766978517157968,5.013386446177186,-0.6252835497985838,1.0256678345101096,-0.07688680682175399,-1.5828247854442088,0.42409405617831647,15.618747675546068,0.09895211757847444,-7.71387855157753,1.2744060943058053,1.2799127331821825,-0.0036146567550953135,-6.894943343528503,0.9515613201005235,-3.684533214338136,-1.6122196082035105,1.0221818603818096,2.025439184891079,-1.195406344439853,-0.6369632047462137,0.13012984672407898,0.03478612928475408,-0.6144707767508528,0.24066704984721968,1.0508589722135038,-0.1385166309104892,-1.1135561444554551,3.989341656216596,5.0,0.32215589882075696,0.015583703219914568,-0.08971519472960067,0.08092118310563998
-171401984.66471493,1964032025.631699,22469674.010493938,1.0847035550867314,222711794.54911774,-1233366524.629851,-0.03197330798875683,-528529634.74985546,-14673661.750679843,85029.49329332655,65605776.36561542,603744464.3099949,545241702.2463607,-297355229.9463253,-103063202.450407,470566516.93347466,543132022.2328794,0.042892323669216206,-32131.958036240303,-13991.909354982692,-34884.140158322174,45545.35960965469,8651.456908513605,355.4823303560651,1.0123305754420406,-32614.93420233066,-438.37419266761515,6115.1795623438575,-210.85133909290028,613.7948276749865,1.1443158634031034,-15278.419586917089,1.2521167157135007,-14745.60173395376,2701.5730519572367,-0.38004405661390356,-0.08212037231087284,-5552.382373290496,237.70930650193037,6169.908259363991,4369.494871576956,-29.577749861364502,3.2550419215129405,46.065069834919306,11.037245945126001,-41.22161544024262,0.11554642646287697,-0.06535865099515119,13.275794528197121,-2.5581556068175395,-43.897172401624054,0.9829116487330162,25.93120330956564,1.3708936526005724,3.5542228238517493,-3.6711795329468573,21.482688451965366,-0.026639129439036038,8.285248770701633,1.1311344170141708,7.354789898035338,-1.3239014726922067,-0.8801172107902463,2.8327530167822816,2.199800601226456,-0.054204619515688224,0.9645956077777154,-2.3583096740245932,-0.06188459465182844,-0.25327718390403287,0.7386859841065504,2.9065157322865605,5.0,-0.257093006473013,0.7993962874452882,1.0552733101152705,1.239356780026225
-9270176571.186869,106304546399.99173,1441285504.0369322,1.0702872609023564,12057363797.16041,-66760523325.54147,0.15270334208113903,-28598275293.662872,-793815488.1407964,-278611.3855008687,3550682683.9691963,103119997658.5565,29508095537.863857,-16092941193.38571,-5576365384.305689,25464849750.432194,29395645160.25172,0.8484197738356396,662422.9431250093,-2453.5905230490057,222329.33219216217,5352.522768599209,641285.4384618178,323607.0059180979,0.9848873061376185,-4054.789150803927,-46.52874320681667,477.73431312119624,-30.385671976507215,62.1081750677972,0.9232470726614505,-2184.756487673887,1.0044633050142653,-2102.200420230186,333.0788243713586,-0.9915888931091278,0.0002395970298611253,-581.0697400851798,267.63911476722177,641.7309473924641,447.1344305464709,11.664496666369583,2.2676529732097617,-6.2551652997509555,2.6433919364343916,-3.225832115595847,0.7974199281715023,0.11822032313259033,0.4125042864142392,1.2862894962327989,14.777396018173294,0.1089657588408664,-7.990087525896711,0.7595962392918153,4.433539853250672,-2.3278063945885035,-7.623723361493955,0.9864442717833583,-3.642290841397375,-2.0876033317207376,0.8405785879406522,2.082127480012083,-1.3031346692374801,-1.0701165643204218,1.1532883339676414,0.020880099785686723,-1.156793641269409,0.6154157446107804,1.0034381748240033,-0.3093647217212689,-0.7422976030928811,4.367532600778348,5.0,0.5357249765098462,-0.17472579844246786,-0.1757807812034134,-0.2192651548480358
-13890259259.94866,159284879680.12085,2163772672.036281,0.8508926554334388,18066459887.606293,-100032563338.08553,0.19780405603596507,-42850869401.83691,-1189442303.9968214,-338991.422018919,5320264488.426463,155132647685.47287,44214174677.76477,-24113329812.701164,-8355519716.181674,38156003448.27442,44045825578.58965,0.981106396440761,813208.9817732896,-3426.602467790138,271706.7324354655,8762.959686566579,788573.9342854621,397901.8137162324,0.895968417445488,-6281.192067309455,-73.1115318756897,849.1476407707783,-45.18181994166691,61.16613021757966,1.177279002534363,-3320.391346556484,0.9929158622453546,-3202.552783679553,608.9113533284484,0.8659127562184812,0.08587876515722885,-798.2362096098168,135.34750532069978,1176.063335207293,632.7072310673836,-10.518488693228282,0.635006409899561,22.706701829290733,8.742965963458099,-15.128820712005158,0.03508297943512306,-0.046786760162807486,0.25526136827373663,2.3616067818527116,-18.70258449578477,0.7308847343932029,13.679229834645659,0.14849150971838443,1.5447471759084057,-2.571910826245466,9.424618648936026,-0.1585744106776343,5.168205882815264,2.150831495849254,1.72611677867182,-3.406616604653473,-0.5128719890231501,-0.5476043305571066,2.542503299848224,0.04007788882919054,0.9098053011886836,0.7067044679173703,-0.02512837618534146,-0.22411415392112163,0.6083517062108296,1.9805874414884796,5.0,-0.6818397289546781,-0.8014236302203724,0.099052998573642,-0.001139325811475037
-5729234.583109272,65410424.75834198,771078.2525919396,0.8515821725160893,7408977.800035463,-41067326.57015206,-0.20517026595380466,-17632086.38046052,-489941.2314822388,17130.13094833135,2185575.8628903246,27699248.625927176,18171982.75226427,-9908638.37485311,-3438605.511431661,15687390.63941017,18095685.1722086,0.9573799928403197,-7029.675707696881,-2944.3093717874417,-6944.461510743733,8468.419200523938,1679.949345951399,1.5473366400599995,0.9293592947658579,-6487.72949062696,-86.03726451936471,1105.3257693268035,-37.674157918539564,95.6786983135888,1.0839474677990646,-2875.7387334653604,0.9603098953639178,-2764.5153788634098,277.2600757905069,-0.43132626472532654,-0.0648737756662212,-1214.0311346601486,0.6527197916012697,1519.94136852381,976.7959059309677,-7.119194037831003,3.941788010514371,28.129856178668614,2.8219847689081563,-31.819162612169436,-0.09083356600005293,-0.08413145794683044,14.541010584037878,-1.8967627952008705,-24.131827733667816,1.1532192498736047,10.40217377251246,1.168989289240822,7.774563774856454,-6.096321798102938,10.10637045064073,0.045392043773907785,3.1077863995933015,-1.2239438147203057,5.935356201187971,1.279592578725619,-1.3457474876774307,1.6432743119072744,2.867838253382905,0.18195753129441544,0.07160253560681279,-1.564119195579373,1.0034679195703402,-0.3551017202261918,0.7835636921833052,3.8292209754072455,5.0,0.22088147335504157,0.6883764421014071,1.9734441115350716,1.9489528684556197
-10137286410.426653,116247364849.9385,1627170304.068177,0.9918750420957186,13185090883.698402,-73004724890.49527,0.09117759506659706,-31273192956.125175,-868064895.9817647,-277399.801610639,3882786056.4187455,120474700228.43495,32268078360.80827,-17598153355.276817,-6097949179.420116,27846656352.19122,32145081946.082928,-0.006168996140303196,723379.9478595441,-6395.320007095216,231718.030425183,25014.751522287697,712748.5469090276,357856.990731265,1.0304535126756358,-17538.394190567018,-243.7463258671157,3963.189371717815,-113.85629061699566,348.6853659279824,0.9468785162086278,-8158.691657062148,0.9211454696744658,-7879.749127902445,1714.4059085829083,-0.22580244187567447,0.02311485482104492,-3162.707184828042,327.6347718732552,2849.1689776665726,2490.491975923744,-23.292831274931494,3.2736001997430537,32.8730783437361,8.264382262659007,-28.224426348811114,-0.06659533162005245,-0.11805028000778142,8.076356230543484,-2.6805137481066477,-30.167422982665336,0.9950712451633447,17.300658010968338,1.3600711033988098,-0.15310969900345386,-0.4572480793392801,15.847993846007384,0.11299953425604839,6.206076221569209,4.50405912289722,1.2591956488448792,-5.840558811945289,-0.46699653157792886,3.2604456316441164,2.6253827399022804,-0.1393057022010699,2.69838122358906,-2.273463595136501,0.2109724306996983,-0.14715566038567698,1.41949505102234,0.8588962226243485,5.0,-1.4548041003945167,0.22361825899632967,1.1097502899930025,1.2828371086933104
-15743360992.08736,180521701943.7878,2041607552.1730502,1.1194520056385246,20474322866.637177,-113367806436.115,0.08516317151520944,-48564212239.457466,-1348107520.0235023,786624.6323607056,6029574394.255335,46560856843.27623,50108600782.92112,-27328304648.71993,-9469831836.167576,43243657267.07058,49918132951.612595,0.9270308269359158,-271829.23998597835,-127115.62902717368,-322595.30418308347,441262.84361944284,97539.38643449462,12695.286187454492,1.0489830108908036,-307540.69857645646,-4082.3798902961817,60410.19107515744,-2073.1131033143665,5933.568582225525,1.0838187698356918,-147418.45540573038,1.0494879594586908,-142358.9595845397,30960.682078032245,-0.4291515806955773,0.04210738389529844,-50054.600532716526,3307.538315290128,51927.016055817665,39126.09614072,-109.89815819713971,6.093340580584342,125.15131674501534,35.48673798660469,-81.74313870042764,0.012835978382121313,-0.009931440526038568,16.90926262009286,-8.255741452015858,-123.47832339988209,0.9003995360038464,79.90562832330352,0.6856997933840829,-7.6049532263831985,2.8131026867378575,66.06766473453365,0.09915695183246898,25.56715946521146,3.8457929751045232,22.87287042415908,-2.5524415257076964,-0.6222462540896568,8.581377720204337,-2.0265780038908097,-0.020407263928623735,3.3413465840834364,-7.0490980096525035,0.174340941263837,-0.13972858660964965,-0.9348208769775154,2.0847859167765863,5.0,-0.617944100667166,3.1705767541270955,1.4928409735546602,1.6161196269053693
-650641111216006.6,7461193771058690.0,100780384190463.9,1.0209112640998743,846248607085747.5,-4685656643076490.0,-0.09436082288956511,-2007149734110753.0,-55716219977727.96,-75453943.56334287,249207226979463.3,7182086760271482.0,2071020399881810.0,-1129500754932415.5,-391385530002454.7,1787278038537214.5,2063165827867142.2,-0.4745009058318296,174207590.5394602,-56253.95091404355,58983816.40487209,153486.74464632574,167203251.3059854,84475823.7531527,0.9308103408981577,-107447.64938872891,-1268.4898482183291,15330.532221245014,-788.3802934534657,1592.1026552645071,1.093065759974245,-56257.65056185837,1.0344785956754246,-54323.79529567311,11508.67817868201,1.0294812677347895,0.038434841570937024,-13724.18764476937,1796.3368445693445,18598.19525857536,10727.167918602201,-64.51171183513028,6.2204362524764285,67.47176961501309,25.915145668753826,-29.16971951000133,0.8933827837565892,-0.11135954007324048,-8.4957567890316,4.551473536984982,-69.53912489465877,1.067344893304961,53.960480829767384,2.231579231947395,-5.464203475818906,0.8967742519554062,38.5723781495221,-0.04088419531471207,19.143318876488564,5.487049742328387,9.499138521207827,-7.01822132831417,-0.3233910282057154,0.5872126828855225,0.7643070427524653,-0.1893869687951971,2.034412148902039,0.15625902311339784,0.06306919381919122,-0.10028398798214477,-0.14203846012629898,0.634600348337989,5.0,-1.6619959388920773,-1.2043021266664138,-1.0508465826052638,-1.246161639400351
-197088940991.98273,2260104303524.7476,30710837248.219746,1.049284093441233,256342408016.0484,-1419357689044.0535,0.030164097276327413,-607999779076.383,-16877205504.010466,-1303565.0133283215,75488781847.98778,2202595174076.497,627346337228.2689,-342143132399.3368,-118556550300.88759,541393993184.7787,624964619327.9681,0.8339204367588865,3056395.353019505,-3416.4212193554363,1025947.6508243722,17285.961917242526,2942613.4248745153,1485090.8463754407,1.007755558293997,-12075.64947641742,-182.91776440927407,3164.666767954248,-71.45481942933093,269.08604078993204,0.949208535135404,-5164.7963948566385,1.0528665296018118,-4982.591452547769,1078.2016681658051,1.0850185392438787,0.15268140813353265,-2467.068490042997,57.86080599339221,2069.868680621236,1946.8194516575525,-20.724683669960456,2.8649848348215965,30.8381853121278,8.489153103452642,-27.11097711943612,0.061091734587165936,-0.07679905432859745,9.736189198967491,-2.987269315856162,-25.391077205619723,1.234614788007604,13.86168365057968,1.2340787922051015,0.331331783484095,-0.8701072652122493,13.329172116330296,-0.009651063082326312,4.061845176198761,0.48669788533622244,6.04618905794314,-0.2726138656552314,-0.9840156348053377,2.862657194714045,0.6968371807076298,0.023363175111577816,1.2464987824376037,-2.3605686551457636,-0.10487085008329396,-0.1806868335123128,-0.08861638435776077,2.585498259410722,5.0,-0.5055064211355503,0.7993734040645148,1.9113698989837622,2.1577952528295805
-285825245947.27997,3277682796819.0225,44396847104.029236,1.0041319430803841,371756434660.32416,-2058401448634.8025,0.010896757438007894,-881741458746.0815,-24475930623.98239,-1561143.8711259447,109476419410.3263,3173419858364.684,909798694121.1129,-496187783609.7668,-171934831388.96558,785148258701.5121,906345270987.8992,0.5069643662415267,3668861.5675535453,-7677.354223696146,1234247.332774601,20489.000243490198,3537899.0070414026,1786449.1900317366,1.0557973431166239,-14312.98301350524,-165.2578587699024,1914.443664809412,-104.4589963993024,168.6189801361855,1.1701727161264874,-7549.330996489653,0.877208810490796,-7280.911195378811,1514.7496946397791,0.2529383838838777,-0.05743754965926458,-1706.2702107487837,107.5460137974851,2678.9412625311243,1341.6343302925252,-21.853956358654862,3.468711564396186,29.2011334598444,14.249494427301968,-19.715510854181346,0.9961038270489283,-0.09294288924976676,-1.9919611355984026,3.5201346111089067,-24.825938575120333,0.8968085974903298,22.168238922651646,1.7771690992524891,1.4702384390424343,-2.6674213841313357,13.370462561548264,-0.1313548822409329,7.52822548799788,0.8485691119428648,4.400998575250905,-2.05121777361201,-0.8861756074407081,-1.498636462878797,1.6513659264297058,0.05530227718927371,-0.12133810932472637,1.1849337050573596,0.06605031151638992,-0.16633162222646938,-0.19662325492500857,2.8269172343486217,5.0,-0.2835172601175624,-0.812110483618981,-1.3432922936216776,-1.4918619235637733
-11563988701432.213,132609432945052.62,1794856714239.9717,1.2444004614787256,15040571354247.314,-83279230008464.06,0.0855437525604097,-35673544817705.95,-990256234496.0863,-10053124.588993737,4429216575061.448,128190739274878.12,36808726934290.875,-20074870550408.695,-6956181921637.386,31765693957006.2,36669109524985.53,0.8476899210437232,23283265.017562445,-7966.050916101744,7865267.224852091,47860.06761023352,22355744.135841824,11291668.56362029,0.9691344863858454,-31861.827677239464,-443.79045796083847,8975.320980000666,-204.2183869482602,715.9953082538196,0.9577044601203868,-14265.227600944916,0.8076256208251771,-13780.281668426163,3898.735858210441,0.5239396244206379,0.008885571543842776,-6074.486354711866,340.15481103035495,4322.674094554446,4769.6838136533515,-38.972818813472344,2.391205972886387,43.72180496181388,16.788498318072364,-42.17891978796557,-0.019212115326158,-0.08633040361780174,10.705025451168307,-6.02221431995537,-34.26373121427177,0.8995271348944187,24.308422040872614,0.8883115639740011,-3.4745349984774765,2.310354655034438,19.279901706615654,0.05873188477655481,6.837309632348847,4.57220574905836,2.691588720622423,-5.180857114634509,-0.6306609959208164,4.289150874842677,1.3369547535059885,-0.04399186635782468,2.093881458849077,-3.509960883828527,0.04314378688881978,-0.14454714136360527,0.6610687474583572,2.4776260228096487,5.0,-0.5541696878223823,1.5043936506874103,-0.9469701228071171,-0.959889697856069
-4704833.169399782,53456409.59646898,620784.788110092,1.2381634547549014,6052764.101764167,-33570434.67509857,-0.022108689931367106,-14461398.056603123,-401437.1392995374,22871.03204350905,1788354.9297727877,5120718.376302042,14881611.17163272,-8107146.838591196,-2816936.915379322,12842523.017214756,14802275.297366863,0.8692529091943094,1512.006251334098,-4908.913607605799,-7104.144170085583,14396.73336564219,15264.321828028566,6367.618879915075,1.0202281954290051,-10758.561533276967,-143.19931315751003,1849.2788952322337,-65.32020243543667,177.33875300667324,0.9063439319970529,-4902.777526019753,0.8774742677401308,-4717.419094774883,617.047666150478,0.08611287167450582,-0.13584988555741265,-1912.9827437011666,29.382048606160073,2358.4782461944023,1530.703692462114,-13.47124225337194,2.7425658881896746,37.12356528426684,7.64833549906036,-43.52059708615344,0.060721428679148017,0.00047405000736834704,16.830168393707876,-2.7560526168759916,-27.998187806647806,0.9005587393931059,16.056017802523307,-0.05164573811961652,9.361230762713344,-6.728640402031081,12.487595982767075,1.0732280227044118,3.780278787324319,-4.02396162311543,9.672569808018132,5.15053088246457,-2.072212594363778,1.1983925819038614,2.0753633368284268,-0.016314072910457354,-1.5580119962192174,-1.609114408997357,1.1012695884170884,-0.16978044793018687,0.06369028171757596,6.298730880463544,5.0,1.6309111217125758,1.691115142671333,0.35552952903865653,0.4794102986448972
-391377905103.63806,4488102541209.04,60768092159.85231,0.9646743375463527,509042523169.57245,-2818550207958.176,0.11715604590793201,-1207359578062.0442,-33514686463.943077,-1856347.0660969403,149905031834.76678,4341776283836.2,1245778382491.4473,-679425375896.677,-235428818848.98752,1075096277903.2422,1241050267937.3716,-0.01625141058892146,4283327.518928564,894.6743905730406,1447989.884016379,5518.233811378717,4107346.5143753854,2074738.5948681666,0.905525764373764,-3168.270313116358,-52.58290959023699,1787.6243585954846,-17.210045155059984,130.7540328403191,1.1366987638168677,-1085.8744172308977,1.0645337380216333,-1054.0279854026976,623.2234498918377,1.0446253712729363,-0.06693758280168963,-897.021605750918,35.33820083324072,79.92973793108578,704.6642056182898,-22.157466747913762,7.393324646865921,12.896887427415953,12.138905631792205,-22.317390365682517,1.0707194010013152,0.054437113059419506,6.3472967704470165,-6.196656973143537,-0.8574406428452915,0.9303844826112055,3.4767210923263927,3.8795138458162874,-4.4975087919212005,4.438217763667109,3.1480075136473125,0.1257488653955848,-1.0951688051075195,2.0945984645777846,0.6747916557795558,-1.742075336704487,-1.1728385445648857,3.7622670991112486,-0.3011745777603004,0.04989579134048751,1.4021048247527605,-3.0862051004050857,0.9276522261965451,-0.09246691830583476,-0.6934064369014248,3.1711133126957844,5.0,-0.1424328117660861,1.4932260080265545,-0.43005528432291124,-0.36837934810373324
-4894753.557904319,56062224.46456428,822524.4835112055,0.9979443426394418,6365579.921749509,-35230180.22430156,-0.0983491034381346,-15118055.670372864,-418596.28023078665,-4985.824221893267,1874558.6020644472,63633735.34917694,15588925.630363872,-8493479.73399784,-2943010.9466172485,13441512.989883907,15513608.11082155,-0.9481062444665055,17217.765554688314,-584.0921209108905,5156.440628438158,1563.8450596092507,18070.28618728604,8992.592268511175,0.9328773222548071,-1191.363649573625,-14.091159200561679,220.40902209201357,-8.753311479009058,4.4786842969900595,1.0238220732686976,-632.3279769712376,0.8971556343915477,-605.0468898702106,110.59092702705756,0.2132089541542452,0.09629256182869597,-200.14585794717846,113.95247834844909,147.4375274955999,156.6316648219151,8.64132587929033,1.7358950597636598,0.9026277573400675,3.4988658399166486,-8.45349515199454,0.813388893620674,0.03808051462897372,1.6756332013606487,1.6871718749164963,6.997485643915456,0.03170001255006683,-2.8108910307613373,0.3408691829087221,5.720317712347895,-3.645618805936533,-4.025414279145671,0.8844695344554009,-1.7061299300510682,-1.2201838631070994,0.5255395220843944,0.8373082756787196,-1.389149493558113,-0.9362261002800574,2.1372052041738447,-0.015269628235587751,-0.7564561186990681,0.8084396864480735,0.9639563736345451,-0.2647651047365687,0.017694668144563885,4.186994362561728,5.0,0.39041983524549945,-0.33015373048614327,-0.2861571251063777,-0.44012046309404407
-287563603188.87604,3297616549230.6436,45035544575.89959,1.1125460089028216,374017326571.4407,-2070919977638.0698,-0.11173767444066263,-887104030018.9744,-24624787455.99362,-1556439.1822347122,110142221712.53227,3247255658439.7075,915331873187.212,-499205454679.333,-172980505413.6754,789923321691.6119,911857391249.1971,1.0031171715318632,3719038.5482696104,-9915.131579970024,1238323.8042422482,40755.1894060463,3596587.0604846566,1813518.1627379498,0.9378201319465616,-28439.648451548932,-400.5144212261809,6594.0892662731,-182.429632609044,593.7832890744276,1.167023849598447,-13021.505134421732,1.0960617563653843,-12574.60396969895,2778.0172932144555,-0.09005949592968697,-0.01645075585568154,-5226.748037357035,400.8662293683095,4638.637647206048,4106.769070215324,-30.816930873443496,3.373821147128516,41.15565238072018,10.789235307000682,-33.94189189081435,0.20072039395936603,-0.03644436247490635,10.46978140475529,-4.0236410479223546,-38.27463385048397,1.093140843675081,21.339957351304342,1.562986660246938,-1.2014011924540167,0.2578388542030404,20.033173755806118,0.17580596872477952,7.263432590901919,4.09215105639914,4.043377621825842,-4.760596863116967,-0.36749351130200836,4.106420946888587,1.664612591534151,-0.09517216719650284,2.6413090343919694,-3.2670456126654015,-0.08030920132595262,-0.3178174884733129,0.655384398562087,1.1653202808214898,5.0,-1.2417407096112312,0.7472975992023076,1.5198158081208029,1.6486801328034266
-544428463875.311,6243200545220.761,84954218495.96297,1.005449934814882,708106077030.4733,-3920759110688.2544,0.09136212626866538,-1679503116893.948,-46620815360.061295,-2170965.947384113,208526171225.14618,6102142109154.6875,1732945983308.577,-945118293859.0862,-327494569607.4113,1495518434227.1118,1726369583739.6865,-0.5107668653372496,5087489.269238296,-5050.902472232153,1707998.9621107485,30287.15455326787,4895532.906658607,2471162.922043144,0.9417233965612692,-19649.043014874445,-246.54135531875522,5637.987159466426,-137.40279659444775,416.3654052144646,0.8584928261738973,-9432.842632227048,1.0825926110839657,-9115.995918875384,2918.6286443017525,-0.7309265916577887,0.054712945407062466,-3423.476911289863,583.8571193001318,2007.7723788714422,2675.5988625534787,-34.81924068896036,1.2299292107480542,30.859948349212154,15.957904588996382,-14.920798054424813,0.9571020176093947,-0.05005799080579614,-2.011217899666658,-3.13168314471199,-22.667429971966556,0.9424861756724783,17.312905864474587,0.39233993996745037,-9.634033393275844,6.758298303352437,15.378019635567098,0.004932612016893227,5.581202494291564,6.684220902540678,0.20416372033482807,-7.47654993258435,-0.05435744402620098,4.04217896053628,-0.207351842593651,0.021724003115893495,3.7082817604216287,-2.684421709673021,-0.09663630918107524,-0.13848859871600291,-0.25382374072546254,-0.12736332257395722,5.0,-2.0232210486715725,0.10523053575607924,0.5061891949687682,0.5393715760108817
